Latitude,Longitude,Sample Date,ppt_roll3,ppt_roll6,ppt_roll12
-28.760833,17.730278,02-01-2011,41.800000000000004,47.2,66.9
-26.861111,28.884722,03-01-2011,281.2,516.4000000000001,631.8000000000001
-26.45,28.085833,03-01-2011,273.1,497.6,625.9000000000001
-27.671111,27.236944,03-01-2011,356.7,590.8000000000001,721.3000000000002
-27.356667,27.286389,03-01-2011,330.3,556.3,685.6999999999999
-27.01011111,26.69808333,04-01-2011,275.7,631.7,699.8
-25.127778,27.628889,04-01-2011,216.5,502.0,581.7
-25.20639,27.558,04-01-2011,228.3,517.5000000000001,599.0000000000001
-24.69514,27.40906,04-01-2011,231.3,520.8,590.8
-26.98472222,26.63227778,04-01-2011,281.6,638.5,709.7
-28.141944,26.417778,04-01-2011,262.70000000000005,655.3,719.1
-27.398611,26.614722,04-01-2011,271.40000000000003,641.8000000000002,720.4000000000001
-33.501667,21.624167,04-01-2011,45.900000000000006,113.4,250.5
-32.502778,19.535833,04-01-2011,30.2,50.2,164.1
-25.45963889,28.26430556,04-01-2011,218.9,526.5,591.1
-27.495556,26.074722,04-01-2011,292.20000000000005,633.6,707.9000000000001
-26.648056,27.089444,05-01-2011,255.20000000000002,598.2,692.6
-26.970278,27.211111,05-01-2011,255.2,612.6,717.8000000000001
-27.38972222,26.46388889,05-01-2011,282.70000000000005,657.4,759.1999999999999
-27.044444,27.005,05-01-2011,263.50000000000006,627.7000000000002,729.8000000000001
-30.830556,26.921389,06-01-2011,205.70000000000002,524.0,780.2
-27.00222,28.76528,06-01-2011,219.3,515.1999999999999,764.3000000000001
-27.02314,28.59389,06-01-2011,214.4,515.6,768.5
-30.679722,26.7125,06-01-2011,198.20000000000002,520.8000000000001,766.2
-30.160091,27.40124,06-01-2011,221.20000000000002,630.6999999999999,953.5000000000001
-32.595833,19.009444,06-01-2011,123.60000000000001,139.60000000000002,233.8
-25.99136,27.84208,10-01-2011,60.3,144.89999999999998,787.1000000000001
-26.73806,27.59194,10-01-2011,49.5,140.0,760.0
-26.45,28.085833,10-01-2011,58.2,147.5,741.8
-30.86013889,29.07125,10-01-2011,39.6,277.90000000000003,1039.7
-27.356667,27.286389,10-01-2011,41.6,144.70000000000002,786.6000000000001
-27.01011111,26.69808333,11-01-2011,77.6,118.4,749.0999999999998
-25.73411,27.21422,11-01-2011,98.20000000000002,140.60000000000002,752.2000000000002
-26.98472222,26.63227778,11-01-2011,77.4,118.30000000000001,761.7999999999998
-27.398611,26.614722,11-01-2011,76.30000000000001,127.2,778.1000000000001
-27.671111,27.236944,11-01-2011,66.60000000000001,108.4,771.9000000000002
-29.160278,26.573333,11-01-2011,42.0,76.9,770.4000000000001
-34.250556,20.9925,11-01-2011,78.60000000000001,304.20000000000005,424.5
-25.45963889,28.26430556,11-01-2011,107.10000000000001,138.60000000000002,614.9
-25.81048333,27.90955222,12-01-2011,200.9,212.5,721.0
-27.273889,28.49,12-01-2011,237.10000000000002,265.3,835.2
-27.4275,28.525833,12-01-2011,225.5,252.10000000000002,834.6
-28.883333,27.89,12-01-2011,165.8,180.90000000000003,876.3000000000002
-27.00222,28.76528,13-01-2011,217.20000000000002,243.6,758.8
-27.02314,28.59389,13-01-2011,221.8,247.0,762.6
-30.534167,24.961944,13-01-2011,64.60000000000001,73.5,493.0
-28.460833,21.248889,13-01-2011,63.10000000000001,69.30000000000001,472.1
-29.658056,25.973333,14-01-2011,98.9,106.9,628.9000000000001
-28.760833,17.730278,16-01-2011,10.100000000000001,18.1,95.20000000000002
-25.513889,31.224444,17-01-2011,263.8,299.20000000000005,774.2
-26.861111,28.884722,17-01-2011,207.3,232.1,719.4
-31.554722,29.245556,17-01-2011,346.8,509.59999999999997,1169.4000000000003
-28.058889,30.373611,17-01-2011,218.9,265.1,897.7
-25.127778,27.628889,18-01-2011,206.3,224.2,620.4
-25.20639,27.558,18-01-2011,208.0,222.5,639.5999999999999
-24.69514,27.40906,18-01-2011,223.3,239.4,651.0
-25.681111,31.783333,18-01-2011,180.20000000000002,204.50000000000003,572.7
-27.802778,28.768333,18-01-2011,204.90000000000003,231.20000000000002,829.0
-27.398611,26.614722,18-01-2011,161.0,168.4,748.9000000000001
-31.104278,29.399722,18-01-2011,306.0,430.00000000000006,1101.9
-31.396,29.2651,18-01-2011,323.0,479.40000000000003,1136.4
-33.38056,19.30167,18-01-2011,59.2,173.70000000000002,368.8
-33.31388889,19.07472222,18-01-2011,56.599999999999994,170.40000000000003,369.80000000000007
-27.495556,26.074722,18-01-2011,138.10000000000002,143.0,743.8000000000001
-24.39619444,27.08983333,19-01-2011,190.5,205.10000000000002,613.2
-26.970278,27.211111,19-01-2011,180.9,193.0,713.4
-26.880278,26.965,19-01-2011,176.70000000000002,187.5,714.0999999999999
-27.273889,28.49,19-01-2011,237.10000000000002,265.3,835.2
-27.3,28.586944,19-01-2011,230.5,259.40000000000003,819.8000000000002
-27.044444,27.005,19-01-2011,174.8,185.8,728.8000000000001
-30.568333,29.422778,19-01-2011,254.40000000000003,318.0,971.0999999999999
-30.570833,29.150556,19-01-2011,244.5,302.20000000000005,953.6000000000001
-34.031944,22.053333,19-01-2011,87.4,212.3,415.5
-33.13083,18.86278,19-01-2011,46.2,140.1,317.4
-33.7075,18.97444444,19-01-2011,77.30000000000001,226.6,483.6000000000001
-25.57877778,29.12747222,19-01-2011,232.8,251.70000000000002,660.2
-26.006389,29.253889,20-01-2011,237.8,262.6,693.3
-27.02314,28.59389,20-01-2011,221.8,247.0,762.6
-30.679722,26.7125,20-01-2011,128.20000000000002,157.3,678.1000000000001
-28.460833,21.248889,20-01-2011,63.10000000000001,69.30000000000001,472.1
-30.77586667,29.03221667,20-01-2011,249.00000000000003,318.50000000000006,942.4000000000001
-24.925278,29.324444,21-01-2011,226.10000000000002,249.5,588.0000000000001
-28.460833,21.248889,21-01-2011,63.10000000000001,69.30000000000001,472.1
-24.679167,30.8025,24-01-2011,338.5,384.5,981.4000000000001
-25.99136,27.84208,24-01-2011,202.5,215.3,743.3000000000001
-25.49037,30.6986,24-01-2011,291.5,326.40000000000003,792.7
-26.970278,27.211111,24-01-2011,180.9,193.0,713.4
-27.671111,27.236944,24-01-2011,160.5,170.9,743.7000000000002
-27.356667,27.286389,24-01-2011,172.20000000000002,184.60000000000002,721.8
-27.01011111,26.69808333,25-01-2011,168.20000000000002,175.5,725.2999999999998
-26.98472222,26.63227778,25-01-2011,168.90000000000003,176.20000000000002,738.5
-27.398611,26.614722,25-01-2011,161.0,168.4,748.9000000000001
-33.818056,19.694722,25-01-2011,69.0,195.60000000000002,394.3
-25.45963889,28.26430556,25-01-2011,211.10000000000002,229.60000000000002,622.5000000000001
-33.897778,20.012778,25-01-2011,63.400000000000006,167.4,333.00000000000006
-25.81048333,27.90955222,26-01-2011,200.9,212.5,721.0
-34.065833,20.404167,26-01-2011,65.0,169.1,333.3
-24.058889,31.237222,26-01-2011,164.20000000000002,189.0,475.40000000000003
-26.648056,27.089444,26-01-2011,179.70000000000002,192.20000000000002,701.8000000000001
-26.880278,26.965,26-01-2011,176.70000000000002,187.5,714.0999999999999
-27.273889,28.49,26-01-2011,237.10000000000002,265.3,835.2
-27.044444,27.005,26-01-2011,174.8,185.8,728.8000000000001
-34.092222,21.295278,26-01-2011,92.6,213.8,403.70000000000005
-27.02314,28.59389,27-01-2011,221.8,247.0,762.6
-26.73806,27.59194,27-01-2011,189.8,201.3,704.1000000000001
-28.760833,17.730278,30-01-2011,10.100000000000001,18.1,95.20000000000002
-26.861111,28.884722,31-01-2011,207.3,232.1,719.4
-26.73806,27.59194,31-01-2011,189.8,201.3,704.1000000000001
-25.127778,27.628889,01-02-2011,206.3,224.2,620.4
-24.69514,27.40906,01-02-2011,223.3,239.4,651.0
-27.363611,31.783333,01-02-2011,195.5,234.10000000000002,622.2
-27.802778,28.768333,01-02-2011,204.90000000000003,231.20000000000002,829.0
-29.160278,26.573333,01-02-2011,126.10000000000001,135.70000000000002,727.7
-34.329722,18.990278,01-02-2011,112.7,284.3,556.8
-25.20639,27.558,02-02-2011,208.0,222.5,639.5999999999999
-23.281,30.54305556,03-02-2011,234.0,278.70000000000005,654.3000000000001
-28.801278,31.955389,03-02-2011,245.5,475.20000000000005,1122.0
-27.00222,28.76528,03-02-2011,217.20000000000002,243.6,758.8
-27.02314,28.59389,03-02-2011,221.8,247.0,762.6
-27.3,28.586944,03-02-2011,230.5,259.40000000000003,819.8000000000002
-30.679722,26.7125,03-02-2011,128.20000000000002,157.3,678.1000000000001
-28.460833,21.248889,03-02-2011,63.10000000000001,69.30000000000001,472.1
-28.460833,21.248889,04-02-2011,63.10000000000001,69.30000000000001,472.1
-29.140556,31.391944,07-02-2011,270.9,450.6,994.6000000000001
-25.99136,27.84208,07-02-2011,202.5,215.3,743.3000000000001
-24.058889,31.237222,07-02-2011,164.20000000000002,189.0,475.40000000000003
-26.73806,27.59194,07-02-2011,189.8,201.3,704.1000000000001
-30.86013889,29.07125,07-02-2011,255.60000000000002,328.40000000000003,937.0000000000001
-27.356667,27.286389,07-02-2011,172.20000000000002,184.60000000000002,721.8
-28.058889,30.373611,07-02-2011,218.9,265.1,897.7
-27.01011111,26.69808333,08-02-2011,168.20000000000002,175.5,725.2999999999998
-27.169444,29.233889,08-02-2011,206.7,237.7,716.8000000000001
-26.98472222,26.63227778,08-02-2011,168.90000000000003,176.20000000000002,738.5
-27.398611,26.614722,08-02-2011,161.0,168.4,748.9000000000001
-27.573056,24.746389,08-02-2011,120.5,122.7,696.1
-33.501667,21.624167,08-02-2011,62.8,132.5,273.90000000000003
-32.502778,19.535833,08-02-2011,21.6,73.2,195.20000000000002
-25.45963889,28.26430556,08-02-2011,211.10000000000002,229.60000000000002,622.5000000000001
-26.970278,27.211111,09-02-2011,180.9,193.0,713.4
-27.273889,28.49,09-02-2011,237.10000000000002,265.3,835.2
-28.69485,28.23487,09-02-2011,171.4,189.60000000000002,919.1999999999999
-28.883333,27.89,09-02-2011,165.8,180.90000000000003,876.3000000000002
-27.02314,28.59389,10-02-2011,221.8,247.0,762.6
-30.679722,26.7125,10-02-2011,128.20000000000002,157.3,678.1000000000001
-30.534167,24.961944,10-02-2011,64.60000000000001,73.5,493.0
-34.031944,22.053333,10-02-2011,87.4,212.3,415.5
-34.039722,22.133333,10-02-2011,91.80000000000001,221.49999999999997,431.8
-32.595833,19.009444,10-02-2011,32.8,102.60000000000001,242.20000000000002
-28.801278,31.955389,11-02-2011,245.5,475.20000000000005,1122.0
-29.658056,25.973333,11-02-2011,98.9,106.9,628.9000000000001
-28.068333,31.55,11-02-2011,227.3,299.20000000000005,698.8
-28.760833,17.730278,13-02-2011,10.100000000000001,18.1,95.20000000000002
-29.7775,29.470833,14-02-2011,278.9,313.20000000000005,1209.0
-29.987778,29.851667,14-02-2011,268.0,316.8,1029.3000000000002
-29.744167,29.905833,14-02-2011,251.70000000000002,290.1,996.1000000000001
-26.861111,28.884722,14-02-2011,207.3,232.1,719.4
-26.45,28.085833,14-02-2011,195.0,209.10000000000002,685.8000000000001
-31.396,29.2651,14-02-2011,323.0,479.40000000000003,1136.4
-25.20639,27.558,15-02-2011,208.0,222.5,639.5999999999999
-24.69514,27.40906,15-02-2011,223.3,239.4,651.0
-26.006389,29.253889,15-02-2011,237.8,262.6,693.3
-27.802778,28.768333,15-02-2011,204.90000000000003,231.20000000000002,829.0
-27.398611,26.614722,15-02-2011,161.0,168.4,748.9000000000001
-27.671111,27.236944,15-02-2011,160.5,170.9,743.7000000000002
-29.160278,26.573333,15-02-2011,126.10000000000001,135.70000000000002,727.7
-30.568333,29.422778,15-02-2011,254.40000000000003,318.0,971.0999999999999
-30.570833,29.150556,15-02-2011,244.5,302.20000000000005,953.6000000000001
-33.38056,19.30167,15-02-2011,59.2,173.70000000000002,368.8
-33.31388889,19.07472222,15-02-2011,56.599999999999994,170.40000000000003,369.80000000000007
-27.495556,26.074722,15-02-2011,138.10000000000002,143.0,743.8000000000001
-25.436111,31.982222,16-02-2011,164.70000000000002,191.0,585.5
-24.39619444,27.08983333,16-02-2011,190.5,205.10000000000002,613.2
-25.67386,31.57527,16-02-2011,209.20000000000002,239.4,633.4000000000001
-30.733889,29.828333,16-02-2011,311.70000000000005,403.1,1089.3
-30.398056,30.601944,16-02-2011,340.20000000000005,500.70000000000005,1268.9
-27.273889,28.49,16-02-2011,237.10000000000002,265.3,835.2
-27.3,28.586944,16-02-2011,230.5,259.40000000000003,819.8000000000002
-27.044444,27.005,16-02-2011,174.8,185.8,728.8000000000001
-30.86013889,29.07125,16-02-2011,255.60000000000002,328.40000000000003,937.0000000000001
-30.77586667,29.03221667,16-02-2011,249.00000000000003,318.50000000000006,942.4000000000001
-33.13083,18.86278,16-02-2011,46.2,140.1,317.4
-24.925278,29.324444,17-02-2011,226.10000000000002,249.5,588.0000000000001
-27.00222,28.76528,17-02-2011,217.20000000000002,243.6,758.8
-27.02314,28.59389,17-02-2011,221.8,247.0,762.6
-22.43772222,31.07805556,18-02-2011,196.20000000000002,212.0,450.8
-29.803611,30.516111,18-02-2011,227.60000000000002,289.9,1045.6000000000001
-25.99136,27.84208,21-02-2011,202.5,215.3,743.3000000000001
-26.861111,28.884722,21-02-2011,207.3,232.1,719.4
-26.73806,27.59194,21-02-2011,189.8,201.3,704.1000000000001
-26.45,28.085833,21-02-2011,195.0,209.10000000000002,685.8000000000001
-27.01011111,26.69808333,22-02-2011,168.20000000000002,175.5,725.2999999999998
-27.169444,29.233889,22-02-2011,206.7,237.7,716.8000000000001
-26.98472222,26.63227778,22-02-2011,168.90000000000003,176.20000000000002,738.5
-27.398611,26.614722,22-02-2011,161.0,168.4,748.9000000000001
-29.160278,26.573333,22-02-2011,126.10000000000001,135.70000000000002,727.7
-33.818056,19.694722,22-02-2011,69.0,195.60000000000002,394.3
-25.81048333,27.90955222,23-02-2011,200.9,212.5,721.0
-29.641944,30.6875,23-02-2011,186.60000000000002,263.1,1051.2
-34.065833,20.404167,23-02-2011,65.0,169.1,333.3
-33.980556,21.653333,23-02-2011,78.5,187.8,366.6
-22.769722,30.886944,23-02-2011,235.5,267.6,592.0
-27.00222,28.76528,23-02-2011,217.20000000000002,243.6,758.8
-27.02314,28.59389,23-02-2011,221.8,247.0,762.6
-27.38972222,26.46388889,23-02-2011,155.2,162.10000000000002,750.0000000000001
-27.398611,26.614722,23-02-2011,161.0,168.4,748.9000000000001
-27.671111,27.236944,23-02-2011,160.5,170.9,743.7000000000002
-27.356667,27.286389,23-02-2011,172.20000000000002,184.60000000000002,721.8
-33.897778,20.012778,23-02-2011,63.400000000000006,167.4,333.00000000000006
-23.763056,27.908611,24-02-2011,206.60000000000002,230.9,577.6000000000001
-23.23572222,27.717,24-02-2011,162.5,175.4,439.6
-28.44555556,32.325,24-02-2011,256.5,546.8000000000001,1280.0000000000002
-30.679722,26.7125,24-02-2011,128.20000000000002,157.3,678.1000000000001
-30.160091,27.40124,24-02-2011,155.4,176.8,807.4999999999999
-30.336111,27.359444,24-02-2011,159.5,186.0,810.8
-28.460833,21.248889,24-02-2011,63.10000000000001,69.30000000000001,472.1
-22.91028,29.61111,25-02-2011,223.3,236.8,505.5000000000001
-28.760833,17.730278,27-02-2011,10.100000000000001,18.1,95.20000000000002
-24.183889,30.823889,01-03-2011,200.20000000000002,224.3,549.5
-27.398611,26.614722,01-03-2011,161.0,168.4,748.9000000000001
-27.671111,27.236944,01-03-2011,160.5,170.9,743.7000000000002
-29.160278,26.573333,01-03-2011,126.10000000000001,135.70000000000002,727.7
-27.495556,26.074722,01-03-2011,138.10000000000002,143.0,743.8000000000001
-23.658056,31.05,02-03-2011,163.0,185.70000000000002,451.0
-26.648056,27.089444,02-03-2011,179.70000000000002,192.20000000000002,701.8000000000001
-27.802778,28.768333,02-03-2011,204.90000000000003,231.20000000000002,829.0
-24.679167,30.8025,03-03-2011,338.5,384.5,981.4000000000001
-27.273889,28.49,03-03-2011,237.10000000000002,265.3,835.2
-27.3,28.586944,03-03-2011,230.5,259.40000000000003,819.8000000000002
-30.679722,26.7125,03-03-2011,128.20000000000002,157.3,678.1000000000001
-27.02314,28.59389,04-03-2011,221.8,247.0,762.6
-25.99136,27.84208,07-03-2011,202.5,215.3,743.3000000000001
-31.554722,29.245556,07-03-2011,346.8,509.59999999999997,1169.4000000000003
-27.01011111,26.69808333,08-03-2011,168.20000000000002,175.5,725.2999999999998
-27.802778,28.768333,08-03-2011,204.90000000000003,231.20000000000002,829.0
-26.98472222,26.63227778,08-03-2011,168.90000000000003,176.20000000000002,738.5
-27.398611,26.614722,08-03-2011,161.0,168.4,748.9000000000001
-27.671111,27.236944,08-03-2011,160.5,170.9,743.7000000000002
-29.160278,26.573333,08-03-2011,126.10000000000001,135.70000000000002,727.7
-31.396,29.2651,08-03-2011,323.0,479.40000000000003,1136.4
-25.45963889,28.26430556,08-03-2011,211.10000000000002,229.60000000000002,622.5000000000001
-25.81048333,27.90955222,09-03-2011,200.9,212.5,721.0
-22.225556,29.990556,09-03-2011,166.8,173.3,377.2
-26.03611,30.99778,09-03-2011,341.1,390.1,955.6000000000001
-28.404444,30.013056,09-03-2011,195.60000000000002,232.40000000000003,887.7000000000002
-29.380556,30.2775,09-03-2011,227.5,263.9,993.8000000000001
-26.648056,27.089444,09-03-2011,179.70000000000002,192.20000000000002,701.8000000000001
-26.970278,27.211111,09-03-2011,180.9,193.0,713.4
-27.273889,28.49,09-03-2011,237.10000000000002,265.3,835.2
-27.3,28.586944,09-03-2011,230.5,259.40000000000003,819.8000000000002
-27.044444,27.005,09-03-2011,174.8,185.8,728.8000000000001
-28.69485,28.23487,09-03-2011,171.4,189.60000000000002,919.1999999999999
-28.883333,27.89,09-03-2011,165.8,180.90000000000003,876.3000000000002
-30.568333,29.422778,09-03-2011,254.40000000000003,318.0,971.0999999999999
-30.570833,29.150556,09-03-2011,244.5,302.20000000000005,953.6000000000001
-34.329722,18.990278,09-03-2011,112.7,284.3,556.8
-30.830556,26.921389,10-03-2011,135.9,171.5,695.5
-25.49037,30.6986,10-03-2011,291.5,326.40000000000003,792.7
-29.380556,30.2775,10-03-2011,227.5,263.9,993.8000000000001
-30.86013889,29.07125,10-03-2011,255.60000000000002,328.40000000000003,937.0000000000001
-30.77586667,29.03221667,10-03-2011,249.00000000000003,318.50000000000006,942.4000000000001
-29.658056,25.973333,11-03-2011,98.9,106.9,628.9000000000001
-30.534167,24.961944,11-03-2011,64.60000000000001,73.5,493.0
-31.031389,28.883333,11-03-2011,260.3,336.1,923.7000000000002
-34.039722,22.133333,11-03-2011,91.80000000000001,221.49999999999997,431.8
-28.760833,17.730278,13-03-2011,10.100000000000001,18.1,95.20000000000002
-29.7775,29.470833,14-03-2011,278.9,313.20000000000005,1209.0
-29.987778,29.851667,14-03-2011,268.0,316.8,1029.3000000000002
-29.744167,29.905833,14-03-2011,251.70000000000002,290.1,996.1000000000001
-26.861111,28.884722,14-03-2011,207.3,232.1,719.4
-26.73806,27.59194,14-03-2011,189.8,201.3,704.1000000000001
-26.45,28.085833,14-03-2011,195.0,209.10000000000002,685.8000000000001
-25.127778,27.628889,15-03-2011,206.3,224.2,620.4
-25.20639,27.558,15-03-2011,208.0,222.5,639.5999999999999
-24.69514,27.40906,15-03-2011,223.3,239.4,651.0
-25.73411,27.21422,15-03-2011,211.60000000000002,227.0,752.0000000000001
-26.006389,29.253889,15-03-2011,237.8,262.6,693.3
-28.747778,31.745833,15-03-2011,257.2,415.8,1020.0000000000001
-30.733889,29.828333,15-03-2011,311.70000000000005,403.1,1089.3
-27.398611,26.614722,15-03-2011,161.0,168.4,748.9000000000001
-27.495556,26.074722,15-03-2011,138.10000000000002,143.0,743.8000000000001
-24.282222,28.090278,16-03-2011,209.4,242.4,645.5
-30.398056,30.601944,16-03-2011,340.20000000000005,500.70000000000005,1268.9
-30.27402,30.69602,16-03-2011,317.3,461.3,1260.9
-26.880278,26.965,16-03-2011,176.70000000000002,187.5,714.0999999999999
-27.273889,28.49,16-03-2011,237.10000000000002,265.3,835.2
-34.031944,22.053333,16-03-2011,87.4,212.3,415.5
-23.763056,27.908611,17-03-2011,206.60000000000002,230.9,577.6000000000001
-27.00222,28.76528,17-03-2011,217.20000000000002,243.6,758.8
-27.02314,28.59389,17-03-2011,221.8,247.0,762.6
-24.925278,29.324444,18-03-2011,226.10000000000002,249.5,588.0000000000001
-29.803611,30.516111,18-03-2011,227.60000000000002,289.9,1045.6000000000001
-26.970278,27.211111,21-03-2011,180.9,193.0,713.4
-27.01011111,26.69808333,22-03-2011,168.20000000000002,175.5,725.2999999999998
-25.99136,27.84208,22-03-2011,202.5,215.3,743.3000000000001
-26.861111,28.884722,22-03-2011,207.3,232.1,719.4
-26.45,28.085833,22-03-2011,195.0,209.10000000000002,685.8000000000001
-27.398611,26.614722,22-03-2011,161.0,168.4,748.9000000000001
-33.501667,21.624167,22-03-2011,62.8,132.5,273.90000000000003
-33.31388889,19.07472222,22-03-2011,56.599999999999994,170.40000000000003,369.80000000000007
-28.338333,31.373611,22-03-2011,255.5,328.5,750.1
-29.641944,30.6875,23-03-2011,186.60000000000002,263.1,1051.2
-28.735556,29.820556,23-03-2011,186.3,214.5,879.9
-26.648056,27.089444,23-03-2011,179.70000000000002,192.20000000000002,701.8000000000001
-27.044444,27.005,23-03-2011,174.8,185.8,728.8000000000001
-29.160278,26.573333,23-03-2011,126.10000000000001,135.70000000000002,727.7
-33.13083,18.86278,23-03-2011,46.2,140.1,317.4
-25.45963889,28.26430556,23-03-2011,211.10000000000002,229.60000000000002,622.5000000000001
-25.81048333,27.90955222,24-03-2011,200.9,212.5,721.0
-27.602222,29.942778,24-03-2011,224.3,268.9,794.4000000000002
-27.3,28.586944,24-03-2011,230.5,259.40000000000003,819.8000000000002
-33.38056,19.30167,24-03-2011,59.2,173.70000000000002,368.8
-27.00222,28.76528,25-03-2011,217.20000000000002,243.6,758.8
-27.02314,28.59389,25-03-2011,221.8,247.0,762.6
-30.160091,27.40124,25-03-2011,155.4,176.8,807.4999999999999
-30.336111,27.359444,25-03-2011,159.5,186.0,810.8
-28.760833,17.730278,27-03-2011,10.100000000000001,18.1,95.20000000000002
-22.43772222,31.07805556,28-03-2011,196.20000000000002,212.0,450.8
-26.73806,27.59194,28-03-2011,189.8,201.3,704.1000000000001
-25.127778,27.628889,29-03-2011,206.3,224.2,620.4
-25.20639,27.558,29-03-2011,208.0,222.5,639.5999999999999
-24.69514,27.40906,29-03-2011,223.3,239.4,651.0
-27.169444,29.233889,29-03-2011,206.7,237.7,716.8000000000001
-26.98472222,26.63227778,29-03-2011,168.90000000000003,176.20000000000002,738.5
-28.141944,26.417778,29-03-2011,134.5,142.20000000000002,715.0999999999999
-28.116667,26.725278,29-03-2011,137.9,145.7,724.5000000000001
-27.398611,26.614722,29-03-2011,161.0,168.4,748.9000000000001
-29.160278,26.573333,29-03-2011,126.10000000000001,135.70000000000002,727.7
-27.495556,26.074722,29-03-2011,138.10000000000002,143.0,743.8000000000001
-34.065833,20.404167,30-03-2011,65.0,169.1,333.3
-27.363611,31.783333,30-03-2011,195.5,234.10000000000002,622.2
-26.905,32.324722,30-03-2011,151.3,184.3,554.8000000000001
-28.75,30.442778,30-03-2011,183.8,213.90000000000003,800.1000000000001
-29.161667,30.629722,30-03-2011,230.3,297.40000000000003,1093.9
-26.880278,26.965,30-03-2011,176.70000000000002,187.5,714.0999999999999
-27.398611,26.614722,30-03-2011,161.0,168.4,748.9000000000001
-28.69485,28.23487,30-03-2011,171.4,189.60000000000002,919.1999999999999
-28.883333,27.89,30-03-2011,165.8,180.90000000000003,876.3000000000002
-33.818056,19.694722,30-03-2011,69.0,195.60000000000002,394.3
-34.075556,20.145556,30-03-2011,68.0,176.10000000000002,344.5
-27.00222,28.76528,31-03-2011,217.20000000000002,243.6,758.8
-27.02314,28.59389,31-03-2011,221.8,247.0,762.6
-30.679722,26.7125,31-03-2011,128.20000000000002,157.3,678.1000000000001
-30.534167,24.961944,31-03-2011,64.60000000000001,73.5,493.0
-33.897778,20.012778,31-03-2011,63.400000000000006,167.4,333.00000000000006
-22.769722,30.886944,01-04-2011,235.5,267.6,592.0
-27.802778,28.768333,01-04-2011,204.90000000000003,231.20000000000002,829.0
-27.5275,30.858056,02-04-2011,276.5,316.3,780.5000000000001
-25.99136,27.84208,04-04-2011,202.5,215.3,743.3000000000001
-25.513889,31.224444,04-04-2011,263.8,299.20000000000005,774.2
-25.398889,31.610556,04-04-2011,186.0,213.3,585.8999999999999
-24.183889,30.823889,05-04-2011,200.20000000000002,224.3,549.5
-23.281,30.54305556,05-04-2011,234.0,278.70000000000005,654.3000000000001
-25.362222,31.956667,05-04-2011,163.2,190.2,566.1
-29.380556,30.2775,05-04-2011,227.5,263.9,993.8000000000001
-27.398611,26.614722,05-04-2011,161.0,168.4,748.9000000000001
-25.45963889,28.26430556,05-04-2011,211.10000000000002,229.60000000000002,622.5000000000001
-25.81048333,27.90955222,06-04-2011,200.9,212.5,721.0
-23.658056,31.05,06-04-2011,163.0,185.70000000000002,451.0
-24.058889,31.237222,06-04-2011,164.20000000000002,189.0,475.40000000000003
-24.034167,31.123611,06-04-2011,181.7,211.39999999999998,514.4000000000001
-24.99328,30.81444,06-04-2011,340.9,387.1,983.6
-25.14944444,31.94055556,06-04-2011,159.3,185.7,536.9
-27.937778,31.209444,06-04-2011,230.70000000000002,268.40000000000003,624.6000000000001
-28.404444,30.013056,06-04-2011,195.60000000000002,232.40000000000003,887.7000000000002
-26.880278,26.965,06-04-2011,176.70000000000002,187.5,714.0999999999999
-31.000833,26.353056,06-04-2011,96.0,130.3,612.4000000000001
-24.679167,30.8025,07-04-2011,338.5,384.5,981.4000000000001
-24.99328,30.81444,07-04-2011,340.9,387.1,983.6
-27.02314,28.59389,07-04-2011,221.8,247.0,762.6
-28.760833,17.730278,10-04-2011,10.100000000000001,18.1,95.20000000000002
-26.73806,27.59194,10-04-2011,189.8,201.3,704.1000000000001
-25.49037,30.6986,11-04-2011,291.5,326.40000000000003,792.7
-29.987778,29.851667,11-04-2011,268.0,316.8,1029.3000000000002
-29.744167,29.905833,11-04-2011,251.70000000000002,290.1,996.1000000000001
-26.861111,28.884722,11-04-2011,207.3,232.1,719.4
-26.970278,27.211111,11-04-2011,180.9,193.0,713.4
-26.45,28.085833,11-04-2011,195.0,209.10000000000002,685.8000000000001
-31.396,29.2651,11-04-2011,323.0,479.40000000000003,1136.4
-31.554722,29.245556,11-04-2011,346.8,509.59999999999997,1169.4000000000003
-27.356667,27.286389,11-04-2011,172.20000000000002,184.60000000000002,721.8
-25.447222,30.711667,11-04-2011,285.6,320.40000000000003,771.3
-27.01011111,26.69808333,12-04-2011,168.20000000000002,175.5,725.2999999999998
-25.127778,27.628889,12-04-2011,206.3,224.2,620.4
-25.20639,27.558,12-04-2011,208.0,222.5,639.5999999999999
-24.69514,27.40906,12-04-2011,223.3,239.4,651.0
-25.73411,27.21422,12-04-2011,211.60000000000002,227.0,752.0000000000001
-26.006389,29.253889,12-04-2011,237.8,262.6,693.3
-26.03611,30.99778,12-04-2011,341.1,390.1,955.6000000000001
-28.801278,31.955389,12-04-2011,245.5,475.20000000000005,1122.0
-30.733889,29.828333,12-04-2011,311.70000000000005,403.1,1089.3
-27.169444,29.233889,12-04-2011,206.7,237.7,716.8000000000001
-27.802778,28.768333,12-04-2011,204.90000000000003,231.20000000000002,829.0
-26.98472222,26.63227778,12-04-2011,168.90000000000003,176.20000000000002,738.5
-27.398611,26.614722,12-04-2011,161.0,168.4,748.9000000000001
-29.160278,26.573333,12-04-2011,126.10000000000001,135.70000000000002,727.7
-30.568333,29.422778,12-04-2011,254.40000000000003,318.0,971.0999999999999
-30.570833,29.150556,12-04-2011,244.5,302.20000000000005,953.6000000000001
-33.501667,21.624167,12-04-2011,62.8,132.5,273.90000000000003
-27.495556,26.074722,12-04-2011,138.10000000000002,143.0,743.8000000000001
-25.57877778,29.12747222,12-04-2011,232.8,251.70000000000002,660.2
-28.801278,31.955389,13-04-2011,245.5,475.20000000000005,1122.0
-30.398056,30.601944,13-04-2011,340.20000000000005,500.70000000000005,1268.9
-30.27402,30.69602,13-04-2011,317.3,461.3,1260.9
-26.648056,27.089444,13-04-2011,179.70000000000002,192.20000000000002,701.8000000000001
-27.044444,27.005,13-04-2011,174.8,185.8,728.8000000000001
-31.031389,28.883333,13-04-2011,260.3,336.1,923.7000000000002
-30.86013889,29.07125,13-04-2011,255.60000000000002,328.40000000000003,937.0000000000001
-24.925278,29.324444,14-04-2011,226.10000000000002,249.5,588.0000000000001
-27.00222,28.76528,14-04-2011,217.20000000000002,243.6,758.8
-27.02314,28.59389,14-04-2011,221.8,247.0,762.6
-30.160091,27.40124,14-04-2011,155.4,176.8,807.4999999999999
-30.336111,27.359444,14-04-2011,159.5,186.0,810.8
-30.830556,26.921389,15-04-2011,135.9,171.5,695.5
-27.902778,24.615556,15-04-2011,109.4,111.9,680.3000000000001
-34.031944,22.053333,15-04-2011,87.4,212.3,415.5
-29.803611,30.516111,15-04-2011,227.60000000000002,289.9,1045.6000000000001
-22.43772222,31.07805556,16-04-2011,196.20000000000002,212.0,450.8
-25.99136,27.84208,18-04-2011,202.5,215.3,743.3000000000001
-34.039722,22.133333,18-04-2011,91.80000000000001,221.49999999999997,431.8
-28.735556,29.820556,19-04-2011,186.3,214.5,879.9
-27.802778,28.768333,19-04-2011,204.90000000000003,231.20000000000002,829.0
-33.38056,19.30167,19-04-2011,59.2,173.70000000000002,368.8
-33.31388889,19.07472222,19-04-2011,56.599999999999994,170.40000000000003,369.80000000000007
-27.356667,27.286389,19-04-2011,172.20000000000002,184.60000000000002,721.8
-28.068333,31.55,19-04-2011,227.3,299.20000000000005,698.8
-27.398611,26.614722,20-04-2011,161.0,168.4,748.9000000000001
-29.160278,26.573333,20-04-2011,126.10000000000001,135.70000000000002,727.7
-30.830556,26.921389,21-04-2011,135.9,171.5,695.5
-27.363611,31.783333,21-04-2011,195.5,234.10000000000002,622.2
-27.044444,27.005,21-04-2011,174.8,185.8,728.8000000000001
-27.902778,24.615556,21-04-2011,109.4,111.9,680.3000000000001
-28.760833,17.730278,25-04-2011,10.100000000000001,18.1,95.20000000000002
-26.861111,28.884722,25-04-2011,207.3,232.1,719.4
-26.970278,27.211111,25-04-2011,180.9,193.0,713.4
-26.45,28.085833,25-04-2011,195.0,209.10000000000002,685.8000000000001
-27.01011111,26.69808333,26-04-2011,168.20000000000002,175.5,725.2999999999998
-25.127778,27.628889,26-04-2011,206.3,224.2,620.4
-25.20639,27.558,26-04-2011,208.0,222.5,639.5999999999999
-24.69514,27.40906,26-04-2011,223.3,239.4,651.0
-27.169444,29.233889,26-04-2011,206.7,237.7,716.8000000000001
-26.98472222,26.63227778,26-04-2011,168.90000000000003,176.20000000000002,738.5
-27.398611,26.614722,26-04-2011,161.0,168.4,748.9000000000001
-27.495556,26.074722,26-04-2011,138.10000000000002,143.0,743.8000000000001
-34.065833,20.404167,27-04-2011,65.0,169.1,333.3
-28.75,30.442778,27-04-2011,183.8,213.90000000000003,800.1000000000001
-29.161667,30.629722,27-04-2011,230.3,297.40000000000003,1093.9
-26.880278,26.965,27-04-2011,176.70000000000002,187.5,714.0999999999999
-33.897778,20.012778,28-04-2011,63.400000000000006,167.4,333.00000000000006
-25.99136,27.84208,02-05-2011,202.5,215.3,743.3000000000001
-29.380556,30.2775,03-05-2011,227.5,263.9,993.8000000000001
-26.45,28.085833,03-05-2011,195.0,209.10000000000002,685.8000000000001
-27.902778,24.615556,03-05-2011,109.4,111.9,680.3000000000001
-25.45963889,28.26430556,03-05-2011,211.10000000000002,229.60000000000002,622.5000000000001
-25.57877778,29.12747222,03-05-2011,232.8,251.70000000000002,660.2
-25.81048333,27.90955222,04-05-2011,200.9,212.5,721.0
-26.006389,29.253889,04-05-2011,237.8,262.6,693.3
-28.404444,30.013056,04-05-2011,195.60000000000002,232.40000000000003,887.7000000000002
-27.802778,28.768333,04-05-2011,204.90000000000003,231.20000000000002,829.0
-27.356667,27.286389,04-05-2011,172.20000000000002,184.60000000000002,721.8
-27.937778,31.209444,05-05-2011,230.70000000000002,268.40000000000003,624.6000000000001
-27.5275,30.858056,05-05-2011,276.5,316.3,780.5000000000001
-27.3,28.586944,05-05-2011,230.5,259.40000000000003,819.8000000000002
-27.398611,26.614722,05-05-2011,161.0,168.4,748.9000000000001
-27.00222,28.76528,06-05-2011,217.20000000000002,243.6,758.8
-27.02314,28.59389,06-05-2011,221.8,247.0,762.6
-26.648056,27.089444,06-05-2011,179.70000000000002,192.20000000000002,701.8000000000001
-26.970278,27.211111,06-05-2011,180.9,193.0,713.4
-28.760833,17.730278,08-05-2011,10.100000000000001,18.1,95.20000000000002
-29.7775,29.470833,09-05-2011,278.9,313.20000000000005,1209.0
-29.744167,29.905833,09-05-2011,251.70000000000002,290.1,996.1000000000001
-26.861111,28.884722,09-05-2011,207.3,232.1,719.4
-26.970278,27.211111,09-05-2011,180.9,193.0,713.4
-31.104278,29.399722,09-05-2011,306.0,430.00000000000006,1101.9
-25.127778,27.628889,10-05-2011,206.3,224.2,620.4
-25.20639,27.558,10-05-2011,208.0,222.5,639.5999999999999
-24.69514,27.40906,10-05-2011,223.3,239.4,651.0
-24.058889,31.237222,10-05-2011,164.20000000000002,189.0,475.40000000000003
-24.034167,31.123611,10-05-2011,181.7,211.39999999999998,514.4000000000001
-28.747778,31.745833,10-05-2011,257.2,415.8,1020.0000000000001
-30.733889,29.828333,10-05-2011,311.70000000000005,403.1,1089.3
-26.98472222,26.63227778,10-05-2011,168.90000000000003,176.20000000000002,738.5
-27.398611,26.614722,10-05-2011,161.0,168.4,748.9000000000001
-29.160278,26.573333,10-05-2011,126.10000000000001,135.70000000000002,727.7
-31.396,29.2651,10-05-2011,323.0,479.40000000000003,1136.4
-33.501667,21.624167,10-05-2011,62.8,132.5,273.90000000000003
-32.502778,19.535833,10-05-2011,21.6,73.2,195.20000000000002
-31.5653,18.3306,10-05-2011,19.0,70.4,164.00000000000003
-27.495556,26.074722,10-05-2011,138.10000000000002,143.0,743.8000000000001
-24.183889,30.823889,11-05-2011,200.20000000000002,224.3,549.5
-28.801278,31.955389,11-05-2011,245.5,475.20000000000005,1122.0
-30.398056,30.601944,11-05-2011,340.20000000000005,500.70000000000005,1268.9
-30.27402,30.69602,11-05-2011,317.3,461.3,1260.9
-27.00222,28.76528,11-05-2011,217.20000000000002,243.6,758.8
-27.02314,28.59389,11-05-2011,221.8,247.0,762.6
-27.273889,28.49,11-05-2011,237.10000000000002,265.3,835.2
-27.4275,28.525833,11-05-2011,225.5,252.10000000000002,834.6
-27.044444,27.005,11-05-2011,174.8,185.8,728.8000000000001
-22.225556,29.990556,24-11-2014,151.0,155.5,239.4
-30.568333,29.422778,11-05-2011,254.40000000000003,318.0,971.0999999999999
-30.570833,29.150556,11-05-2011,244.5,302.20000000000005,953.6000000000001
-32.595833,19.009444,11-05-2011,32.8,102.60000000000001,242.20000000000002
-29.140556,31.391944,12-05-2011,270.9,450.6,994.6000000000001
-29.641944,30.6875,12-05-2011,186.60000000000002,263.1,1051.2
-24.679167,30.8025,12-05-2011,338.5,384.5,981.4000000000001
-30.830556,26.921389,12-05-2011,135.9,171.5,695.5
-30.13573889,30.67422222,12-05-2011,281.0,405.00000000000006,1202.9
-26.73806,27.59194,12-05-2011,189.8,201.3,704.1000000000001
-31.000833,26.353056,12-05-2011,96.0,130.3,612.4000000000001
-22.225556,29.990556,30-07-2015,77.9,101.8,252.5
-22.225556,29.990556,03-08-2015,77.9,101.8,252.5
-30.679722,26.7125,12-05-2011,128.20000000000002,157.3,678.1000000000001
-31.031389,28.883333,12-05-2011,260.3,336.1,923.7000000000002
-30.86013889,29.07125,12-05-2011,255.60000000000002,328.40000000000003,937.0000000000001
-30.77586667,29.03221667,12-05-2011,249.00000000000003,318.50000000000006,942.4000000000001
-24.925278,29.324444,13-05-2011,226.10000000000002,249.5,588.0000000000001
-29.658056,25.973333,13-05-2011,98.9,106.9,628.9000000000001
-30.534167,24.961944,13-05-2011,64.60000000000001,73.5,493.0
-29.803611,30.516111,13-05-2011,227.60000000000002,289.9,1045.6000000000001
-25.447222,30.711667,13-05-2011,285.6,320.40000000000003,771.3
-25.99136,27.84208,16-05-2011,202.5,215.3,743.3000000000001
-25.513889,31.224444,16-05-2011,263.8,299.20000000000005,774.2
-26.861111,28.884722,16-05-2011,207.3,232.1,719.4
-26.970278,27.211111,16-05-2011,180.9,193.0,713.4
-34.031944,22.053333,16-05-2011,87.4,212.3,415.5
-34.039722,22.133333,16-05-2011,91.80000000000001,221.49999999999997,431.8
-33.38056,19.30167,16-05-2011,59.2,173.70000000000002,368.8
-33.31388889,19.07472222,16-05-2011,56.599999999999994,170.40000000000003,369.80000000000007
-27.01011111,26.69808333,17-05-2011,168.20000000000002,175.5,725.2999999999998
-25.436111,31.982222,17-05-2011,164.70000000000002,191.0,585.5
-25.681111,31.783333,17-05-2011,180.20000000000002,204.50000000000003,572.7
-25.67386,31.57527,17-05-2011,209.20000000000002,239.4,633.4000000000001
-26.98472222,26.63227778,17-05-2011,168.90000000000003,176.20000000000002,738.5
-27.398611,26.614722,17-05-2011,161.0,168.4,748.9000000000001
-25.45963889,28.26430556,17-05-2011,211.10000000000002,229.60000000000002,622.5000000000001
-28.338333,31.373611,17-05-2011,255.5,328.5,750.1
-28.068333,31.55,17-05-2011,227.3,299.20000000000005,698.8
-25.81048333,27.90955222,18-05-2011,200.9,212.5,721.0
-24.768889,31.39,18-05-2011,195.2,231.2,641.4
-26.880278,26.965,18-05-2011,176.70000000000002,187.5,714.0999999999999
-28.801278,31.955389,19-05-2011,245.5,475.20000000000005,1122.0
-27.169444,29.233889,19-05-2011,206.7,237.7,716.8000000000001
-25.447222,30.711667,19-05-2011,285.6,320.40000000000003,771.3
-22.548889,28.898056,20-05-2011,162.10000000000002,163.20000000000002,373.0
-22.43772222,31.07805556,20-05-2011,196.20000000000002,212.0,450.8
-27.902778,24.615556,20-05-2011,109.4,111.9,680.3000000000001
-28.760833,17.730278,22-05-2011,10.100000000000001,18.1,95.20000000000002
-25.49037,30.6986,23-05-2011,291.5,326.40000000000003,792.7
-28.75,30.442778,23-05-2011,183.8,213.90000000000003,800.1000000000001
-26.73806,27.59194,23-05-2011,189.8,201.3,704.1000000000001
-26.45,28.085833,23-05-2011,195.0,209.10000000000002,685.8000000000001
-27.356667,27.286389,23-05-2011,172.20000000000002,184.60000000000002,721.8
-22.935,28.004167,24-05-2011,158.3,168.60000000000002,408.0
-33.980556,21.653333,24-05-2011,78.5,187.8,366.6
-25.127778,27.628889,24-05-2011,206.3,224.2,620.4
-25.20639,27.558,24-05-2011,208.0,222.5,639.5999999999999
-24.69514,27.40906,24-05-2011,223.3,239.4,651.0
-27.363611,31.783333,24-05-2011,195.5,234.10000000000002,622.2
-27.169444,29.233889,24-05-2011,206.7,237.7,716.8000000000001
-27.802778,28.768333,24-05-2011,204.90000000000003,231.20000000000002,829.0
-28.141944,26.417778,24-05-2011,134.5,142.20000000000002,715.0999999999999
-28.116667,26.725278,24-05-2011,137.9,145.7,724.5000000000001
-27.398611,26.614722,24-05-2011,161.0,168.4,748.9000000000001
-27.671111,27.236944,24-05-2011,160.5,170.9,743.7000000000002
-28.69485,28.23487,24-05-2011,171.4,189.60000000000002,919.1999999999999
-34.092222,21.295278,24-05-2011,92.6,213.8,403.70000000000005
-27.495556,26.074722,24-05-2011,138.10000000000002,143.0,743.8000000000001
-34.065833,20.404167,25-05-2011,65.0,169.1,333.3
-23.23572222,27.717,25-05-2011,162.5,175.4,439.6
-28.75,30.442778,25-05-2011,183.8,213.90000000000003,800.1000000000001
-29.161667,30.629722,25-05-2011,230.3,297.40000000000003,1093.9
-26.648056,27.089444,25-05-2011,179.70000000000002,192.20000000000002,701.8000000000001
-27.273889,28.49,25-05-2011,237.10000000000002,265.3,835.2
-27.4275,28.525833,25-05-2011,225.5,252.10000000000002,834.6
-27.3,28.586944,25-05-2011,230.5,259.40000000000003,819.8000000000002
-27.398611,26.614722,25-05-2011,161.0,168.4,748.9000000000001
-27.044444,27.005,25-05-2011,174.8,185.8,728.8000000000001
-30.679722,26.7125,25-05-2011,128.20000000000002,157.3,678.1000000000001
-34.250556,20.9925,25-05-2011,87.6,213.1,404.70000000000005
-33.818056,19.694722,25-05-2011,69.0,195.60000000000002,394.3
-34.075556,20.145556,25-05-2011,68.0,176.10000000000002,344.5
-30.398056,30.601944,26-05-2011,340.20000000000005,500.70000000000005,1268.9
-30.27402,30.69602,26-05-2011,317.3,461.3,1260.9
-27.00222,28.76528,26-05-2011,217.20000000000002,243.6,758.8
-27.02314,28.59389,26-05-2011,221.8,247.0,762.6
-27.671111,27.236944,26-05-2011,160.5,170.9,743.7000000000002
-27.356667,27.286389,26-05-2011,172.20000000000002,184.60000000000002,721.8
-33.897778,20.012778,26-05-2011,63.400000000000006,167.4,333.00000000000006
-27.902778,24.615556,27-05-2011,109.4,111.9,680.3000000000001
-22.91028,29.61111,28-05-2011,223.3,236.8,505.5000000000001
-25.99136,27.84208,30-05-2011,202.5,215.3,743.3000000000001
-26.861111,28.884722,30-05-2011,207.3,232.1,719.4
-26.970278,27.211111,30-05-2011,180.9,193.0,713.4
-26.45,28.085833,30-05-2011,195.0,209.10000000000002,685.8000000000001
-27.01011111,26.69808333,31-05-2011,168.20000000000002,175.5,725.2999999999998
-29.380556,30.2775,31-05-2011,227.5,263.9,993.8000000000001
-27.802778,28.768333,31-05-2011,204.90000000000003,231.20000000000002,829.0
-26.98472222,26.63227778,31-05-2011,168.90000000000003,176.20000000000002,738.5
-27.398611,26.614722,31-05-2011,161.0,168.4,748.9000000000001
-29.160278,26.573333,31-05-2011,126.10000000000001,135.70000000000002,727.7
-25.45963889,28.26430556,31-05-2011,211.10000000000002,229.60000000000002,622.5000000000001
-25.81048333,27.90955222,01-06-2011,200.9,212.5,721.0
-28.404444,30.013056,01-06-2011,195.60000000000002,232.40000000000003,887.7000000000002
-27.00222,28.76528,01-06-2011,217.20000000000002,243.6,758.8
-27.02314,28.59389,01-06-2011,221.8,247.0,762.6
-26.648056,27.089444,01-06-2011,179.70000000000002,192.20000000000002,701.8000000000001
-27.3,28.586944,01-06-2011,230.5,259.40000000000003,819.8000000000002
-27.044444,27.005,01-06-2011,174.8,185.8,728.8000000000001
-28.058889,30.373611,01-06-2011,218.9,265.1,897.7
-27.937778,31.209444,02-06-2011,230.70000000000002,268.40000000000003,624.6000000000001
-27.5275,30.858056,02-06-2011,276.5,316.3,780.5000000000001
-30.568333,29.422778,04-06-2011,254.40000000000003,318.0,971.0999999999999
-28.760833,17.730278,05-06-2011,10.100000000000001,18.1,95.20000000000002
-29.7775,29.470833,06-06-2011,278.9,313.20000000000005,1209.0
-29.987778,29.851667,06-06-2011,268.0,316.8,1029.3000000000002
-29.744167,29.905833,06-06-2011,251.70000000000002,290.1,996.1000000000001
-26.73806,27.59194,06-06-2011,189.8,201.3,704.1000000000001
-31.104278,29.399722,06-06-2011,306.0,430.00000000000006,1101.9
-31.396,29.2651,06-06-2011,323.0,479.40000000000003,1136.4
-31.554722,29.245556,06-06-2011,346.8,509.59999999999997,1169.4000000000003
-25.57877778,29.12747222,06-06-2011,232.8,251.70000000000002,660.2
-25.127778,27.628889,07-06-2011,206.3,224.2,620.4
-25.20639,27.558,07-06-2011,208.0,222.5,639.5999999999999
-24.69514,27.40906,07-06-2011,223.3,239.4,651.0
-23.658056,31.05,07-06-2011,163.0,185.70000000000002,451.0
-26.006389,29.253889,07-06-2011,237.8,262.6,693.3
-28.747778,31.745833,07-06-2011,257.2,415.8,1020.0000000000001
-30.733889,29.828333,07-06-2011,311.70000000000005,403.1,1089.3
-27.169444,29.233889,07-06-2011,206.7,237.7,716.8000000000001
-27.398611,26.614722,07-06-2011,161.0,168.4,748.9000000000001
-30.86013889,29.07125,07-06-2011,255.60000000000002,328.40000000000003,937.0000000000001
-30.570833,29.150556,07-06-2011,244.5,302.20000000000005,953.6000000000001
-30.77586667,29.03221667,07-06-2011,249.00000000000003,318.50000000000006,942.4000000000001
-27.495556,26.074722,07-06-2011,138.10000000000002,143.0,743.8000000000001
-30.830556,26.921389,08-06-2011,135.9,171.5,695.5
-22.769722,30.886944,08-06-2011,235.5,267.6,592.0
-30.398056,30.601944,08-06-2011,340.20000000000005,500.70000000000005,1268.9
-30.27402,30.69602,08-06-2011,317.3,461.3,1260.9
-27.02314,28.59389,08-06-2011,221.8,247.0,762.6
-26.880278,26.965,08-06-2011,176.70000000000002,187.5,714.0999999999999
-29.140556,31.391944,09-06-2011,270.9,450.6,994.6000000000001
-24.925278,29.324444,09-06-2011,226.10000000000002,249.5,588.0000000000001
-27.902778,24.615556,10-06-2011,109.4,111.9,680.3000000000001
-29.803611,30.516111,10-06-2011,227.60000000000002,289.9,1045.6000000000001
-31.5653,18.3306,12-06-2011,19.0,70.4,164.00000000000003
-25.99136,27.84208,13-06-2011,202.5,215.3,743.3000000000001
-27.671111,27.236944,13-06-2011,160.5,170.9,743.7000000000002
-27.356667,27.286389,13-06-2011,172.20000000000002,184.60000000000002,721.8
-31.860278,18.6875,14-06-2011,24.900000000000002,80.89999999999999,200.7
-24.679167,30.8025,14-06-2011,338.5,384.5,981.4000000000001
-28.735556,29.820556,14-06-2011,186.3,214.5,879.9
-26.861111,28.884722,14-06-2011,207.3,232.1,719.4
-27.00222,28.76528,14-06-2011,217.20000000000002,243.6,758.8
-26.45,28.085833,14-06-2011,195.0,209.10000000000002,685.8000000000001
-27.398611,26.614722,14-06-2011,161.0,168.4,748.9000000000001
-34.031944,22.053333,14-06-2011,87.4,212.3,415.5
-25.45963889,28.26430556,14-06-2011,211.10000000000002,229.60000000000002,622.5000000000001
-28.338333,31.373611,14-06-2011,255.5,328.5,750.1
-28.068333,31.55,14-06-2011,227.3,299.20000000000005,698.8
-25.81048333,27.90955222,15-06-2011,200.9,212.5,721.0
-30.830556,26.921389,15-06-2011,135.9,171.5,695.5
-24.058889,31.237222,15-06-2011,164.20000000000002,189.0,475.40000000000003
-24.034167,31.123611,15-06-2011,181.7,211.39999999999998,514.4000000000001
-27.3,28.586944,15-06-2011,230.5,259.40000000000003,819.8000000000002
-33.501667,21.624167,15-06-2011,62.8,132.5,273.90000000000003
-27.602222,29.942778,16-06-2011,224.3,268.9,794.4000000000002
-30.679722,26.7125,16-06-2011,128.20000000000002,157.3,678.1000000000001
-28.760833,17.730278,19-06-2011,10.100000000000001,18.1,95.20000000000002
-27.602222,29.942778,20-06-2011,224.3,268.9,794.4000000000002
-28.883333,27.89,20-06-2011,165.8,180.90000000000003,876.3000000000002
-25.436111,31.982222,21-06-2011,164.70000000000002,191.0,585.5
-25.127778,27.628889,21-06-2011,206.3,224.2,620.4
-25.20639,27.558,21-06-2011,208.0,222.5,639.5999999999999
-24.69514,27.40906,21-06-2011,223.3,239.4,651.0
-25.681111,31.783333,21-06-2011,180.20000000000002,204.50000000000003,572.7
-26.970278,27.211111,21-06-2011,180.9,193.0,713.4
-26.73806,27.59194,21-06-2011,189.8,201.3,704.1000000000001
-34.039722,22.133333,21-06-2011,91.80000000000001,221.49999999999997,431.8
-33.38056,19.30167,21-06-2011,59.2,173.70000000000002,368.8
-33.31388889,19.07472222,21-06-2011,56.599999999999994,170.40000000000003,369.80000000000007
-27.356667,27.286389,21-06-2011,172.20000000000002,184.60000000000002,721.8
-29.161667,23.696389,22-06-2011,52.5,55.5,531.2
-27.01011111,26.69808333,22-06-2011,168.20000000000002,175.5,725.2999999999998
-25.14944444,31.94055556,22-06-2011,159.3,185.7,536.9
-24.9675,31.516667,22-06-2011,177.70000000000002,207.20000000000005,571.6
-28.75,30.442778,22-06-2011,183.8,213.90000000000003,800.1000000000001
-29.161667,30.629722,22-06-2011,230.3,297.40000000000003,1093.9
-27.169444,29.233889,22-06-2011,206.7,237.7,716.8000000000001
-27.02314,28.59389,22-06-2011,221.8,247.0,762.6
-26.98472222,26.63227778,22-06-2011,168.90000000000003,176.20000000000002,738.5
-27.398611,26.614722,22-06-2011,161.0,168.4,748.9000000000001
-29.042222,24.6,22-06-2011,94.00000000000001,96.70000000000002,619.8
-34.092222,21.295278,22-06-2011,92.6,213.8,403.70000000000005
-27.495556,26.074722,22-06-2011,138.10000000000002,143.0,743.8000000000001
-30.27402,30.69602,23-06-2011,317.3,461.3,1260.9
-26.648056,27.089444,23-06-2011,179.70000000000002,192.20000000000002,701.8000000000001
-26.880278,26.965,23-06-2011,176.70000000000002,187.5,714.0999999999999
-27.044444,27.005,23-06-2011,174.8,185.8,728.8000000000001
-28.376944,24.303056,23-06-2011,91.1,93.6,658.6
-29.028629,24.638389,23-06-2011,97.50000000000001,100.20000000000002,634.7000000000002
-28.69485,28.23487,23-06-2011,171.4,189.60000000000002,919.1999999999999
-25.398889,31.610556,24-06-2011,186.0,213.3,585.8999999999999
-27.573056,24.746389,24-06-2011,120.5,122.7,696.1
-27.902778,24.615556,24-06-2011,109.4,111.9,680.3000000000001
-26.861111,28.884722,27-06-2011,207.3,232.1,719.4
-27.02314,28.59389,27-06-2011,221.8,247.0,762.6
-26.45,28.085833,27-06-2011,195.0,209.10000000000002,685.8000000000001
-31.396,29.2651,27-06-2011,323.0,479.40000000000003,1136.4
-24.670833,28.560833,28-06-2011,258.3,272.4,620.5
-29.380556,30.2775,28-06-2011,227.5,263.9,993.8000000000001
-31.104278,29.399722,28-06-2011,306.0,430.00000000000006,1101.9
-33.818056,19.694722,28-06-2011,69.0,195.60000000000002,394.3
-29.161667,23.696389,29-06-2011,52.5,55.5,531.2
-25.81048333,27.90955222,29-06-2011,200.9,212.5,721.0
-24.282222,28.090278,29-06-2011,209.4,242.4,645.5
-23.23572222,27.717,29-06-2011,162.5,175.4,439.6
-26.03611,30.99778,29-06-2011,341.1,390.1,955.6000000000001
-27.937778,31.209444,29-06-2011,230.70000000000002,268.40000000000003,624.6000000000001
-28.404444,30.013056,29-06-2011,195.60000000000002,232.40000000000003,887.7000000000002
-27.02314,28.59389,29-06-2011,221.8,247.0,762.6
-28.141944,26.417778,29-06-2011,134.5,142.20000000000002,715.0999999999999
-28.1175,26.719444,29-06-2011,137.9,145.7,724.5000000000001
-29.033333,23.983333,29-06-2011,65.4,68.2,573.4000000000001
-30.568333,29.422778,29-06-2011,254.40000000000003,318.0,971.0999999999999
-25.447222,30.711667,29-06-2011,285.6,320.40000000000003,771.3
-27.01011111,26.69808333,30-06-2011,168.20000000000002,175.5,725.2999999999998
-22.935,28.004167,30-06-2011,158.3,168.60000000000002,408.0
-22.91028,29.61111,30-06-2011,223.3,236.8,505.5000000000001
-27.5275,30.858056,30-06-2011,276.5,316.3,780.5000000000001
-26.648056,27.089444,30-06-2011,179.70000000000002,192.20000000000002,701.8000000000001
-26.970278,27.211111,30-06-2011,180.9,193.0,713.4
-26.880278,26.965,30-06-2011,176.70000000000002,187.5,714.0999999999999
-27.38972222,26.46388889,30-06-2011,155.2,162.10000000000002,750.0000000000001
-26.98472222,26.63227778,30-06-2011,168.90000000000003,176.20000000000002,738.5
-34.065833,20.404167,10-01-2012,113.70000000000002,242.00000000000003,391.00000000000006
-34.065833,20.404167,01-02-2012,60.30000000000001,202.20000000000002,363.20000000000005
-34.065833,20.404167,29-02-2012,60.30000000000001,202.20000000000002,363.20000000000005
-27.398611,26.614722,30-06-2011,161.0,168.4,748.9000000000001
-31.031389,28.883333,30-06-2011,260.3,336.1,923.7000000000002
-30.86013889,29.07125,30-06-2011,255.60000000000002,328.40000000000003,937.0000000000001
-30.77586667,29.03221667,30-06-2011,249.00000000000003,318.50000000000006,942.4000000000001
-27.356667,27.286389,30-06-2011,172.20000000000002,184.60000000000002,721.8
-33.897778,20.012778,30-06-2011,63.400000000000006,167.4,333.00000000000006
-22.43772222,31.07805556,02-07-2011,196.20000000000002,212.0,450.8
-28.760833,17.730278,03-07-2011,10.100000000000001,18.1,95.20000000000002
-29.7775,29.470833,04-07-2011,278.9,313.20000000000005,1209.0
-29.987778,29.851667,04-07-2011,268.0,316.8,1029.3000000000002
-29.744167,29.905833,04-07-2011,251.70000000000002,290.1,996.1000000000001
-26.73806,27.59194,04-07-2011,189.8,201.3,704.1000000000001
-30.830556,26.921389,05-07-2011,135.9,171.5,695.5
-25.127778,27.628889,05-07-2011,206.3,224.2,620.4
-25.20639,27.558,05-07-2011,208.0,222.5,639.5999999999999
-24.69514,27.40906,05-07-2011,223.3,239.4,651.0
-23.658056,31.05,05-07-2011,163.0,185.70000000000002,451.0
-30.733889,29.828333,05-07-2011,311.70000000000005,403.1,1089.3
-27.169444,29.233889,05-07-2011,206.7,237.7,716.8000000000001
-34.065833,20.404167,21-01-2014,46.2,136.9,329.5
-34.065833,20.404167,11-02-2014,46.2,136.9,329.5
-34.065833,20.404167,11-03-2014,46.2,136.9,329.5
-27.671111,27.236944,05-07-2011,160.5,170.9,743.7000000000002
-28.69485,28.23487,05-07-2011,171.4,189.60000000000002,919.1999999999999
-28.883333,27.89,05-07-2011,165.8,180.90000000000003,876.3000000000002
-29.161667,23.696389,06-07-2011,52.5,55.5,531.2
-30.27402,30.69602,06-07-2011,317.3,461.3,1260.9
-27.00222,28.76528,06-07-2011,217.20000000000002,243.6,758.8
-27.02314,28.59389,06-07-2011,221.8,247.0,762.6
-27.398611,26.614722,06-07-2011,161.0,168.4,748.9000000000001
-34.065833,20.404167,24-02-2015,56.599999999999994,167.70000000000005,270.6000000000001
-27.044444,27.005,06-07-2011,174.8,185.8,728.8000000000001
-34.405833,19.600556,06-07-2011,89.10000000000001,228.70000000000005,449.8
-27.495556,26.074722,06-07-2011,138.10000000000002,143.0,743.8000000000001
-28.376944,24.303056,07-07-2011,91.1,93.6,658.6
-34.065833,20.404167,27-10-2015,56.599999999999994,167.70000000000005,270.6000000000001
-27.573056,24.746389,08-07-2011,120.5,122.7,696.1
-27.902778,24.615556,08-07-2011,109.4,111.9,680.3000000000001
-28.460833,21.248889,08-07-2011,63.10000000000001,69.30000000000001,472.1
-29.803611,30.516111,08-07-2011,227.60000000000002,289.9,1045.6000000000001
-28.96362,19.15486,09-07-2011,5.1000000000000005,8.9,130.9
-25.99136,27.84208,11-07-2011,227.8,288.1,656.3
-26.45,28.085833,11-07-2011,214.89999999999998,273.1,594.9000000000001
-26.98472222,26.63227778,11-07-2011,183.40000000000003,222.10000000000002,615.5
-29.160278,26.573333,11-07-2011,169.4,183.6,587.8000000000001
-23.281,30.54305556,12-07-2011,238.4,358.8,609.0
-27.02314,28.59389,12-07-2011,223.8,310.20000000000005,649.5
-26.648056,27.089444,12-07-2011,195.3,242.50000000000003,596.6
-26.970278,27.211111,12-07-2011,198.6,244.5,597.0
-26.880278,26.965,12-07-2011,191.70000000000002,235.9,598.6
-27.044444,27.005,12-07-2011,191.39999999999998,234.8,607.5
-29.160278,26.573333,12-07-2011,169.4,183.6,587.8000000000001
-30.160091,27.40124,12-07-2011,199.5,221.9,662.0
-28.883333,27.89,12-07-2011,220.3,248.2,681.8000000000001
-34.039722,22.133333,12-07-2011,90.9,169.6,428.90000000000003
-32.502778,19.535833,12-07-2011,18.3,59.7,193.4
-31.5653,18.3306,12-07-2011,12.2,57.5,162.6
-34.005833,22.351111,12-07-2011,121.6,220.2,518.4000000000001
-25.45963889,28.26430556,12-07-2011,228.9,298.9,570.0999999999999
-29.161667,23.696389,13-07-2011,83.30000000000001,88.0,462.1000000000001
-25.81048333,27.90955222,13-07-2011,226.40000000000003,284.20000000000005,643.7
-29.641944,30.6875,13-07-2011,286.8,362.5,849.5
-22.769722,30.886944,13-07-2011,240.3,334.40000000000003,545.5
-29.033333,23.983333,13-07-2011,100.0,105.0,493.80000000000007
-34.02861,22.22222,13-07-2011,100.6,186.8,460.20000000000005
-31.860278,18.6875,14-07-2011,17.900000000000002,67.6,198.69999999999996
-27.602222,29.942778,14-07-2011,259.2,357.0,639.9000000000001
-27.3,28.586944,14-07-2011,227.3,322.8,691.5
-27.573056,24.746389,14-07-2011,155.2,168.0,578.9
-29.033333,23.983333,14-07-2011,100.0,105.0,493.80000000000007
-30.160091,27.40124,14-07-2011,199.5,221.9,662.0
-30.336111,27.359444,14-07-2011,199.20000000000002,224.5,674.4
-34.250556,20.9925,14-07-2011,80.6,160.3,402.10000000000014
-25.362222,31.956667,15-07-2011,216.10000000000002,271.8,527.3
-25.14944444,31.94055556,15-07-2011,210.10000000000002,264.6,499.90000000000003
-29.658056,25.973333,15-07-2011,138.0,145.3,527.6
-31.000833,26.353056,15-07-2011,125.70000000000002,142.3,538.5000000000001
-30.534167,24.961944,15-07-2011,96.5,102.5,434.20000000000005
-28.760833,17.730278,17-07-2011,7.1000000000000005,15.200000000000003,87.30000000000003
-26.861111,28.884722,18-07-2011,222.60000000000002,299.0,614.1999999999999
-26.73806,27.59194,18-07-2011,209.60000000000002,259.1,596.8
-28.69485,28.23487,18-07-2011,221.70000000000005,256.20000000000005,714.4000000000001
-25.127778,27.628889,19-07-2011,220.60000000000002,279.4,569.5
-25.20639,27.558,19-07-2011,220.90000000000003,276.90000000000003,585.2
-24.69514,27.40906,19-07-2011,229.5,292.5,597.5999999999999
-27.169444,29.233889,19-07-2011,223.0,305.6,598.1000000000001
-33.38056,19.30167,19-07-2011,50.400000000000006,144.70000000000002,364.8
-33.31388889,19.07472222,19-07-2011,46.4,140.6,366.4000000000001
-27.495556,26.074722,19-07-2011,162.4,184.40000000000003,624.8
-29.161667,23.696389,20-07-2011,83.30000000000001,88.0,462.1000000000001
-27.01011111,26.69808333,20-07-2011,182.00000000000003,220.90000000000003,603.6
-28.75,30.442778,20-07-2011,235.10000000000002,287.90000000000003,588.7
-29.161667,30.629722,20-07-2011,316.1,402.70000000000005,873.8
-30.534167,24.961944,20-07-2011,96.5,102.5,434.20000000000005
-34.092222,21.295278,20-07-2011,85.0,164.3,401.20000000000005
-33.13083,18.86278,20-07-2011,38.1,115.70000000000002,314.4
-31.000833,26.353056,21-07-2011,125.70000000000002,142.3,538.5000000000001
-33.7075,18.97444444,21-07-2011,63.900000000000006,187.29999999999998,479.4000000000001
-25.99136,27.84208,25-07-2011,227.8,288.1,656.3
-26.861111,28.884722,25-07-2011,222.60000000000002,299.0,614.1999999999999
-26.006389,29.253889,26-07-2011,254.60000000000002,345.2,626.5
-29.380556,30.2775,26-07-2011,285.4,337.8,747.4
-26.648056,27.089444,26-07-2011,195.3,242.50000000000003,596.6
-26.880278,26.965,26-07-2011,191.70000000000002,235.9,598.6
-26.98472222,26.63227778,26-07-2011,183.40000000000003,222.10000000000002,615.5
-28.141944,26.417778,26-07-2011,170.9,188.5,579.2000000000002
-27.044444,27.005,26-07-2011,191.39999999999998,234.8,607.5
-33.501667,21.624167,26-07-2011,61.8,108.30000000000001,270.6
-25.45963889,28.26430556,26-07-2011,228.9,298.9,570.0999999999999
-29.161667,23.696389,27-07-2011,83.30000000000001,88.0,462.1000000000001
-25.81048333,27.90955222,27-07-2011,226.40000000000003,284.20000000000005,643.7
-34.065833,20.404167,27-07-2011,59.60000000000001,130.1,330.40000000000003
-23.23572222,27.717,27-07-2011,161.3,215.29999999999998,402.0
-27.4275,28.525833,27-07-2011,228.89999999999998,314.8,697.8000000000001
-27.935,26.126667,27-07-2011,156.70000000000002,175.4,552.9000000000001
-29.033333,23.983333,27-07-2011,100.0,105.0,493.80000000000007
-34.075556,20.145556,27-07-2011,62.50000000000001,139.50000000000003,341.19999999999993
-22.91028,29.61111,28-07-2011,212.3,293.80000000000007,468.80000000000007
-24.925278,29.324444,28-07-2011,221.8,304.9,558.6000000000001
-26.905,32.324722,28-07-2011,203.0,260.8,522.1
-27.38972222,26.46388889,28-07-2011,173.20000000000002,205.20000000000002,625.7
-27.398611,26.614722,28-07-2011,176.90000000000003,212.40000000000003,622.4999999999999
-27.671111,27.236944,28-07-2011,188.8,220.6,601.4
-28.404444,30.013056,29-07-2011,251.7,319.1,641.1000000000001
-28.058889,30.373611,29-07-2011,265.0,352.20000000000005,693.8000000000001
-28.760833,17.730278,31-07-2011,7.1000000000000005,15.200000000000003,87.30000000000003
-29.7775,29.470833,01-08-2011,349.4,381.40000000000003,896.8
-29.987778,29.851667,01-08-2011,305.40000000000003,345.1,791.9
-29.744167,29.905833,01-08-2011,293.9,330.30000000000007,747.1
-27.169444,29.233889,01-08-2011,223.0,305.6,598.1000000000001
-26.45,28.085833,01-08-2011,214.89999999999998,273.1,594.9000000000001
-27.4,26.624722,01-08-2011,176.90000000000003,212.40000000000003,622.4999999999999
-25.127778,27.628889,02-08-2011,220.60000000000002,279.4,569.5
-25.20639,27.558,02-08-2011,220.90000000000003,276.90000000000003,585.2
-24.69514,27.40906,02-08-2011,229.5,292.5,597.5999999999999
-30.733889,29.828333,02-08-2011,327.40000000000003,382.1,916.8999999999999
-27.802778,28.768333,02-08-2011,231.40000000000003,295.40000000000003,674.4000000000001
-30.160091,27.40124,02-08-2011,199.5,221.9,662.0
-30.336111,27.359444,02-08-2011,199.20000000000002,224.5,674.4
-34.405833,19.600556,02-08-2011,79.60000000000001,185.90000000000003,444.7
-27.01011111,26.69808333,03-08-2011,182.00000000000003,220.90000000000003,603.6
-30.830556,26.921389,03-08-2011,165.1,187.5,601.6000000000001
-30.398056,30.601944,03-08-2011,346.40000000000003,426.5,1089.3
-27.00222,28.76528,03-08-2011,223.90000000000003,308.0,646.6999999999999
-27.02314,28.59389,03-08-2011,223.8,310.20000000000005,649.5
-26.970278,27.211111,03-08-2011,198.6,244.5,597.0
-27.4275,28.525833,03-08-2011,228.89999999999998,314.8,697.8000000000001
-27.3,28.586944,03-08-2011,227.3,322.8,691.5
-27.398611,26.614722,03-08-2011,176.90000000000003,212.40000000000003,622.4999999999999
-30.679722,26.7125,03-08-2011,159.20000000000002,178.10000000000002,586.5000000000001
-27.495556,26.074722,03-08-2011,162.4,184.40000000000003,624.8
-29.803611,30.516111,05-08-2011,297.3,354.9,833.3000000000002
-26.73806,27.59194,07-08-2011,209.60000000000002,259.1,596.8
-25.99136,27.84208,08-08-2011,227.8,288.1,656.3
-26.861111,28.884722,08-08-2011,222.60000000000002,299.0,614.1999999999999
-26.45,28.085833,08-08-2011,214.89999999999998,273.1,594.9000000000001
-29.160278,26.573333,08-08-2011,169.4,183.6,587.8000000000001
-27.01011111,26.69808333,09-08-2011,182.00000000000003,220.90000000000003,603.6
-27.00222,28.76528,09-08-2011,223.90000000000003,308.0,646.6999999999999
-26.880278,26.965,09-08-2011,191.70000000000002,235.9,598.6
-26.98472222,26.63227778,09-08-2011,183.40000000000003,222.10000000000002,615.5
-28.69485,28.23487,09-08-2011,221.70000000000005,256.20000000000005,714.4000000000001
-29.615556,27.065278,09-08-2011,190.10000000000002,206.20000000000002,666.2
-28.883333,27.89,09-08-2011,220.3,248.2,681.8000000000001
-25.45963889,28.26430556,09-08-2011,228.9,298.9,570.0999999999999
-29.161667,23.696389,10-08-2011,83.30000000000001,88.0,462.1000000000001
-25.81048333,27.90955222,10-08-2011,226.40000000000003,284.20000000000005,643.7
-29.641944,30.6875,10-08-2011,286.8,362.5,849.5
-27.602222,29.942778,10-08-2011,259.2,357.0,639.9000000000001
-31.554722,29.245556,10-08-2011,345.8,422.6,1031.7000000000003
-34.039722,22.133333,10-08-2011,90.9,169.6,428.90000000000003
-32.502778,19.535833,10-08-2011,18.3,59.7,193.4
-31.5653,18.3306,10-08-2011,12.2,57.5,162.6
-31.860278,18.6875,11-08-2011,17.900000000000002,67.6,198.69999999999996
-30.830556,26.921389,11-08-2011,165.1,187.5,601.6000000000001
-22.43772222,31.07805556,11-08-2011,204.1,262.1,409.8
-28.735556,29.820556,11-08-2011,250.7,301.2,630.5000000000001
-31.000833,26.353056,11-08-2011,125.70000000000002,142.3,538.5000000000001
-30.679722,26.7125,11-08-2011,159.20000000000002,178.10000000000002,586.5000000000001
-30.160091,27.40124,11-08-2011,199.5,221.9,662.0
-30.336111,27.359444,11-08-2011,199.20000000000002,224.5,674.4
-30.568333,29.422778,11-08-2011,284.5,322.90000000000003,778.5
-30.570833,29.150556,11-08-2011,280.2,315.3,753.0
-31.104278,29.399722,11-08-2011,315.50000000000006,373.80000000000007,952.1
-34.250556,20.9925,11-08-2011,80.6,160.3,402.10000000000014
-27.573056,24.746389,12-08-2011,155.2,168.0,578.9
-29.658056,25.973333,12-08-2011,138.0,145.3,527.6
-30.534167,24.961944,12-08-2011,96.5,102.5,434.20000000000005
-28.460833,21.248889,12-08-2011,80.30000000000001,87.4,415.70000000000005
-30.86013889,29.07125,12-08-2011,279.3,318.90000000000003,777.6
-30.77586667,29.03221667,12-08-2011,277.1,313.8,775.0999999999999
-23.838611,31.640833,13-08-2011,169.90000000000003,226.90000000000003,388.8999999999999
-28.760833,17.730278,14-08-2011,7.1000000000000005,15.200000000000003,87.30000000000003
-26.970278,27.211111,15-08-2011,198.6,244.5,597.0
-26.73806,27.59194,15-08-2011,209.60000000000002,259.1,596.8
-27.044444,27.005,15-08-2011,191.39999999999998,234.8,607.5
-24.679167,30.8025,16-08-2011,361.3,497.00000000000006,930.2
-25.127778,27.628889,16-08-2011,220.60000000000002,279.4,569.5
-25.20639,27.558,16-08-2011,220.90000000000003,276.90000000000003,585.2
-24.69514,27.40906,16-08-2011,229.5,292.5,597.5999999999999
-27.169444,29.233889,16-08-2011,223.0,305.6,598.1000000000001
-26.648056,27.089444,16-08-2011,195.3,242.50000000000003,596.6
-29.160278,26.573333,16-08-2011,169.4,183.6,587.8000000000001
-33.38056,19.30167,16-08-2011,50.400000000000006,144.70000000000002,364.8
-33.31388889,19.07472222,16-08-2011,46.4,140.6,366.4000000000001
-27.495556,26.074722,16-08-2011,162.4,184.40000000000003,624.8
-29.161667,23.696389,17-08-2011,83.30000000000001,88.0,462.1000000000001
-22.769722,30.886944,17-08-2011,240.3,334.40000000000003,545.5
-24.058889,31.237222,17-08-2011,184.70000000000002,252.60000000000002,446.6
-28.75,30.442778,17-08-2011,235.10000000000002,287.90000000000003,588.7
-29.161667,30.629722,17-08-2011,316.1,402.70000000000005,873.8
-27.802778,28.768333,17-08-2011,231.40000000000003,295.40000000000003,674.4000000000001
-29.033333,23.983333,17-08-2011,100.0,105.0,493.80000000000007
-33.980556,21.653333,06-04-2011,78.5,187.8,366.6
-33.980556,21.653333,17-08-2011,73.8,143.5,364.20000000000005
-33.980556,21.653333,27-09-2011,73.8,143.5,364.20000000000005
-33.980556,21.653333,25-10-2011,73.8,143.5,364.20000000000005
-33.980556,21.653333,29-11-2011,73.8,143.5,364.20000000000005
-33.980556,21.653333,15-02-2012,87.2,207.60000000000002,374.9
-33.980556,21.653333,18-04-2012,87.2,207.60000000000002,374.9
-33.980556,21.653333,16-05-2012,87.2,207.60000000000002,374.9
-33.980556,21.653333,12-06-2012,87.2,207.60000000000002,374.9
-33.980556,21.653333,05-07-2012,87.2,207.60000000000002,374.9
-33.980556,21.653333,07-08-2012,53.400000000000006,164.10000000000002,384.59999999999997
-33.980556,21.653333,05-09-2012,53.400000000000006,164.10000000000002,384.59999999999997
-33.980556,21.653333,03-10-2012,53.400000000000006,164.10000000000002,384.59999999999997
-33.980556,21.653333,06-11-2012,53.400000000000006,164.10000000000002,384.59999999999997
-33.980556,21.653333,03-12-2012,53.400000000000006,164.10000000000002,384.59999999999997
-33.980556,21.653333,29-01-2013,112.80000000000001,197.20000000000002,332.30000000000007
-33.980556,21.653333,28-02-2013,112.80000000000001,197.20000000000002,332.30000000000007
-33.980556,21.653333,10-03-2013,112.80000000000001,197.20000000000002,332.30000000000007
-33.980556,21.653333,19-03-2013,112.80000000000001,197.20000000000002,332.30000000000007
-33.980556,21.653333,15-05-2013,112.80000000000001,197.20000000000002,332.30000000000007
-33.980556,21.653333,12-06-2013,112.80000000000001,197.20000000000002,332.30000000000007
-33.980556,21.653333,18-07-2013,104.5,233.0,365.20000000000005
-33.980556,21.653333,14-08-2013,104.5,233.0,365.20000000000005
-33.980556,21.653333,11-09-2013,104.5,233.0,365.20000000000005
-33.980556,21.653333,08-10-2013,104.5,233.0,365.20000000000005
-34.092222,21.295278,17-08-2011,85.0,164.3,401.20000000000005
-33.980556,21.653333,05-12-2013,104.5,233.0,365.20000000000005
-33.980556,21.653333,07-01-2014,62.800000000000004,169.10000000000002,402.1
-33.980556,21.653333,18-02-2014,71.0,134.79999999999998,345.00000000000006
-33.980556,21.653333,11-03-2014,71.0,134.79999999999998,345.00000000000006
-33.980556,21.653333,10-04-2014,71.0,134.79999999999998,345.00000000000006
-33.980556,21.653333,13-05-2014,71.0,134.79999999999998,345.00000000000006
-33.980556,21.653333,10-06-2014,71.0,134.79999999999998,345.00000000000006
-33.980556,21.653333,08-07-2014,71.0,134.79999999999998,345.00000000000006
-33.980556,21.653333,21-08-2014,81.5,135.6,304.7000000000001
-33.980556,21.653333,11-09-2014,81.5,135.6,304.7000000000001
-33.980556,21.653333,14-10-2014,81.5,135.6,304.7000000000001
-33.980556,21.653333,11-11-2014,81.5,135.6,304.7000000000001
-33.980556,21.653333,02-12-2014,81.5,135.6,304.7000000000001
-33.980556,21.653333,15-01-2015,72.5,196.4,335.20000000000005
-33.980556,21.653333,17-02-2015,72.5,196.4,335.20000000000005
-33.980556,21.653333,10-03-2015,72.5,196.4,335.20000000000005
-33.980556,21.653333,14-04-2015,72.5,196.4,335.20000000000005
-33.980556,21.653333,19-05-2015,72.5,196.4,335.20000000000005
-33.980556,21.653333,18-08-2015,72.5,196.4,335.20000000000005
-33.980556,21.653333,15-09-2015,72.5,196.4,335.20000000000005
-33.980556,21.653333,20-10-2015,72.5,196.4,335.20000000000005
-33.980556,21.653333,17-11-2015,72.5,196.4,335.20000000000005
-33.980556,21.653333,09-12-2015,72.5,196.4,335.20000000000005
-24.183889,30.823889,18-08-2011,219.2,292.7,520.5000000000001
-23.281,30.54305556,18-08-2011,238.4,358.8,609.0
-27.671111,27.236944,18-08-2011,188.8,220.6,601.4
-27.902778,24.615556,18-08-2011,147.5,157.20000000000002,566.9999999999999
-28.376944,24.303056,18-08-2011,132.7,139.4,550.7
-29.658056,25.973333,18-08-2011,138.0,145.3,527.6
-30.534167,24.961944,18-08-2011,96.5,102.5,434.20000000000005
-22.225556,29.990556,22-08-2011,152.4,210.3,340.70000000000005
-24.282222,28.090278,22-08-2011,225.3,314.5,599.4
-25.99136,27.84208,22-08-2011,227.8,288.1,656.3
-29.380556,30.2775,22-08-2011,285.4,337.8,747.4
-26.861111,28.884722,22-08-2011,222.60000000000002,299.0,614.1999999999999
-26.45,28.085833,22-08-2011,214.89999999999998,273.1,594.9000000000001
-30.830556,26.921389,23-08-2011,165.1,187.5,601.6000000000001
-25.73411,27.21422,23-08-2011,232.1,287.8,663.1999999999999
-29.380556,30.2775,23-08-2011,285.4,337.8,747.4
-28.141944,26.417778,23-08-2011,170.9,188.5,579.2000000000002
-30.679722,26.7125,23-08-2011,159.20000000000002,178.10000000000002,586.5000000000001
-33.501667,21.624167,23-08-2011,61.8,108.30000000000001,270.6
-25.57877778,29.12747222,23-08-2011,244.0,326.70000000000005,613.5999999999999
-29.161667,23.696389,24-08-2011,83.30000000000001,88.0,462.1000000000001
-34.065833,20.404167,24-08-2011,59.60000000000001,130.1,330.40000000000003
-23.23572222,27.717,24-08-2011,161.3,215.29999999999998,402.0
-28.404444,30.013056,24-08-2011,251.7,319.1,641.1000000000001
-27.38972222,26.46388889,24-08-2011,173.20000000000002,205.20000000000002,625.7
-27.398611,26.614722,24-08-2011,176.90000000000003,212.40000000000003,622.4999999999999
-27.044444,27.005,24-08-2011,191.39999999999998,234.8,607.5
-29.033333,23.983333,24-08-2011,100.0,105.0,493.80000000000007
-33.818056,19.694722,24-08-2011,60.0,156.00000000000003,390.70000000000005
-34.075556,20.145556,24-08-2011,62.50000000000001,139.50000000000003,341.19999999999993
-28.058889,30.373611,24-08-2011,265.0,352.20000000000005,693.8000000000001
-27.4,26.624722,24-08-2011,176.90000000000003,212.40000000000003,622.4999999999999
-27.01011111,26.69808333,25-08-2011,182.00000000000003,220.90000000000003,603.6
-22.225556,29.990556,25-08-2011,152.4,210.3,340.70000000000005
-22.91028,29.61111,25-08-2011,212.3,293.80000000000007,468.80000000000007
-24.925278,29.324444,25-08-2011,221.8,304.9,558.6000000000001
-30.398056,30.601944,25-08-2011,346.40000000000003,426.5,1089.3
-30.27402,30.69602,25-08-2011,329.09999999999997,401.5,1067.3
-26.648056,27.089444,25-08-2011,195.3,242.50000000000003,596.6
-26.970278,27.211111,25-08-2011,198.6,244.5,597.0
-26.880278,26.965,25-08-2011,191.70000000000002,235.9,598.6
-27.38972222,26.46388889,25-08-2011,173.20000000000002,205.20000000000002,625.7
-23.763056,27.908611,25-07-2014,244.40000000000003,254.8,462.8
-23.763056,27.908611,13-08-2014,244.40000000000003,254.8,462.8
-26.98472222,26.63227778,25-08-2011,183.40000000000003,222.10000000000002,615.5
-29.028629,24.638389,25-08-2011,137.3,142.8,540.5
-23.763056,27.908611,22-12-2014,244.40000000000003,254.8,462.8
-33.897778,20.012778,25-08-2011,57.400000000000006,132.60000000000002,329.80000000000007
-29.641944,30.6875,26-08-2011,286.8,362.5,849.5
-27.937778,31.209444,26-08-2011,264.1,349.20000000000005,582.7
-27.671111,27.236944,26-08-2011,188.8,220.6,601.4
-27.573056,24.746389,26-08-2011,155.2,168.0,578.9
-23.763056,27.908611,19-08-2015,105.0,133.4,340.09999999999997
-23.763056,27.908611,09-09-2015,105.0,133.4,340.09999999999997
-28.460833,21.248889,26-08-2011,80.30000000000001,87.4,415.70000000000005
-28.760833,17.730278,28-08-2011,7.1000000000000005,15.200000000000003,87.30000000000003
-27.169444,29.233889,29-08-2011,223.0,305.6,598.1000000000001
-26.73806,27.59194,29-08-2011,209.60000000000002,259.1,596.8
-25.127778,27.628889,30-08-2011,220.60000000000002,279.4,569.5
-25.20639,27.558,30-08-2011,220.90000000000003,276.90000000000003,585.2
-24.69514,27.40906,30-08-2011,229.5,292.5,597.5999999999999
-27.00222,28.76528,30-08-2011,223.90000000000003,308.0,646.6999999999999
-34.405833,19.600556,30-08-2011,79.60000000000001,185.90000000000003,444.7
-27.495556,26.074722,30-08-2011,162.4,184.40000000000003,624.8
-29.161667,23.696389,31-08-2011,83.30000000000001,88.0,462.1000000000001
-34.329722,18.990278,31-08-2011,92.2,239.10000000000002,550.7
-25.447222,30.711667,31-08-2011,307.1,410.30000000000007,727.0000000000001
-29.161667,23.696389,01-09-2011,83.30000000000001,88.0,462.1000000000001
-27.902778,24.615556,02-09-2011,147.5,157.20000000000002,566.9999999999999
-25.99136,27.84208,05-09-2011,227.8,288.1,656.3
-26.861111,28.884722,05-09-2011,222.60000000000002,299.0,614.1999999999999
-26.45,28.085833,05-09-2011,214.89999999999998,273.1,594.9000000000001
-29.160278,26.573333,05-09-2011,169.4,183.6,587.8000000000001
-28.768056,20.720556,05-09-2011,53.7,59.5,314.40000000000003
-25.73411,27.21422,06-09-2011,232.1,287.8,663.1999999999999
-29.380556,30.2775,06-09-2011,285.4,337.8,747.4
-27.398611,26.614722,06-09-2011,176.90000000000003,212.40000000000003,622.4999999999999
-27.671111,27.236944,06-09-2011,188.8,220.6,601.4
-28.69485,28.23487,06-09-2011,221.70000000000005,256.20000000000005,714.4000000000001
-29.615556,27.065278,06-09-2011,190.10000000000002,206.20000000000002,666.2
-28.883333,27.89,06-09-2011,220.3,248.2,681.8000000000001
-31.104278,29.399722,06-09-2011,315.50000000000006,373.80000000000007,952.1
-31.396,29.2651,06-09-2011,323.8,395.0,998.3000000000001
-31.554722,29.245556,06-09-2011,345.8,422.6,1031.7000000000003
-34.039722,22.133333,06-09-2011,90.9,169.6,428.90000000000003
-25.81048333,27.90955222,07-09-2011,226.40000000000003,284.20000000000005,643.7
-29.641944,30.6875,07-09-2011,286.8,362.5,849.5
-31.860278,18.6875,07-09-2011,17.900000000000002,67.6,198.69999999999996
-27.602222,29.942778,07-09-2011,259.2,357.0,639.9000000000001
-27.02314,28.59389,07-09-2011,223.8,310.20000000000005,649.5
-27.4275,28.525833,07-09-2011,228.89999999999998,314.8,697.8000000000001
-27.3,28.586944,07-09-2011,227.3,322.8,691.5
-27.044444,27.005,07-09-2011,191.39999999999998,234.8,607.5
-29.033333,23.983333,07-09-2011,100.0,105.0,493.80000000000007
-30.160091,27.40124,07-09-2011,199.5,221.9,662.0
-30.336111,27.359444,07-09-2011,199.20000000000002,224.5,674.4
-30.568333,29.422778,07-09-2011,284.5,322.90000000000003,778.5
-30.86013889,29.07125,07-09-2011,279.3,318.90000000000003,777.6
-30.77586667,29.03221667,07-09-2011,277.1,313.8,775.0999999999999
-34.02861,22.22222,07-09-2011,100.6,186.8,460.20000000000005
-30.830556,26.921389,08-09-2011,165.1,187.5,601.6000000000001
-30.398056,30.601944,08-09-2011,346.40000000000003,426.5,1089.3
-30.27402,30.69602,08-09-2011,329.09999999999997,401.5,1067.3
-29.033333,23.983333,08-09-2011,100.0,105.0,493.80000000000007
-30.679722,26.7125,08-09-2011,159.20000000000002,178.10000000000002,586.5000000000001
-31.031389,28.883333,08-09-2011,282.8,324.90000000000003,769.4000000000001
-34.031944,22.053333,08-09-2011,86.60000000000001,162.8,412.69999999999993
-29.658056,25.973333,09-09-2011,138.0,145.3,527.6
-31.000833,26.353056,09-09-2011,125.70000000000002,142.3,538.5000000000001
-28.760833,17.730278,10-09-2011,7.1000000000000005,15.200000000000003,87.30000000000003
-26.970278,27.211111,12-09-2011,198.6,244.5,597.0
-27.01011111,26.69808333,13-09-2011,182.00000000000003,220.90000000000003,603.6
-24.679167,30.8025,13-09-2011,361.3,497.00000000000006,930.2
-24.183889,30.823889,13-09-2011,219.2,292.7,520.5000000000001
-25.127778,27.628889,13-09-2011,220.60000000000002,279.4,569.5
-25.20639,27.558,13-09-2011,220.90000000000003,276.90000000000003,585.2
-24.69514,27.40906,13-09-2011,229.5,292.5,597.5999999999999
-24.925278,29.324444,13-09-2011,221.8,304.9,558.6000000000001
-29.161667,30.629722,13-09-2011,316.1,402.70000000000005,873.8
-26.648056,27.089444,13-09-2011,195.3,242.50000000000003,596.6
-26.880278,26.965,13-09-2011,191.70000000000002,235.9,598.6
-27.802778,28.768333,13-09-2011,231.40000000000003,295.40000000000003,674.4000000000001
-26.98472222,26.63227778,13-09-2011,183.40000000000003,222.10000000000002,615.5
-29.033333,23.983333,13-09-2011,100.0,105.0,493.80000000000007
-30.679722,26.7125,13-09-2011,159.20000000000002,178.10000000000002,586.5000000000001
-31.396,29.2651,13-09-2011,323.8,395.0,998.3000000000001
-33.38056,19.30167,13-09-2011,50.400000000000006,144.70000000000002,364.8
-33.31388889,19.07472222,13-09-2011,46.4,140.6,366.4000000000001
-27.495556,26.074722,13-09-2011,162.4,184.40000000000003,624.8
-24.058889,31.237222,14-09-2011,184.70000000000002,252.60000000000002,446.6
-28.75,30.442778,14-09-2011,235.10000000000002,287.90000000000003,588.7
-29.380556,30.2775,14-09-2011,285.4,337.8,747.4
-26.73806,27.59194,14-09-2011,209.60000000000002,259.1,596.8
-27.4275,28.525833,14-09-2011,228.89999999999998,314.8,697.8000000000001
-27.3,28.586944,14-09-2011,227.3,322.8,691.5
-29.042222,24.6,14-09-2011,132.90000000000003,138.20000000000002,528.8000000000001
-29.028629,24.638389,14-09-2011,137.3,142.8,540.5
-30.160091,27.40124,14-09-2011,199.5,221.9,662.0
-34.250556,20.9925,14-09-2011,80.6,160.3,402.10000000000014
-33.7075,18.97444444,14-09-2011,63.900000000000006,187.29999999999998,479.4000000000001
-29.161667,23.696389,15-09-2011,83.30000000000001,88.0,462.1000000000001
-30.398056,30.601944,15-09-2011,346.40000000000003,426.5,1089.3
-27.169444,29.233889,15-09-2011,223.0,305.6,598.1000000000001
-27.00222,28.76528,15-09-2011,223.90000000000003,308.0,646.6999999999999
-27.902778,24.615556,16-09-2011,147.5,157.20000000000002,566.9999999999999
-28.460833,21.248889,16-09-2011,80.30000000000001,87.4,415.70000000000005
-30.27402,30.69602,19-09-2011,329.09999999999997,401.5,1067.3
-26.861111,28.884722,19-09-2011,222.60000000000002,299.0,614.1999999999999
-26.970278,27.211111,19-09-2011,198.6,244.5,597.0
-27.01011111,26.69808333,20-09-2011,182.00000000000003,220.90000000000003,603.6
-24.058889,31.237222,20-09-2011,184.70000000000002,252.60000000000002,446.6
-27.937778,31.209444,20-09-2011,264.1,349.20000000000005,582.7
-29.380556,30.2775,20-09-2011,285.4,337.8,747.4
-27.00222,28.76528,20-09-2011,223.90000000000003,308.0,646.6999999999999
-26.648056,27.089444,20-09-2011,195.3,242.50000000000003,596.6
-26.880278,26.965,20-09-2011,191.70000000000002,235.9,598.6
-26.98472222,26.63227778,20-09-2011,183.40000000000003,222.10000000000002,615.5
-33.501667,21.624167,20-09-2011,61.8,108.30000000000001,270.6
-28.058889,30.373611,20-09-2011,265.0,352.20000000000005,693.8000000000001
-25.57877778,29.12747222,20-09-2011,244.0,326.70000000000005,613.5999999999999
-29.161667,23.696389,21-09-2011,83.30000000000001,88.0,462.1000000000001
-25.81048333,27.90955222,21-09-2011,226.40000000000003,284.20000000000005,643.7
-34.065833,20.404167,21-09-2011,59.60000000000001,130.1,330.40000000000003
-27.5275,30.858056,21-09-2011,318.6,413.7,729.8000000000001
-28.404444,30.013056,21-09-2011,251.7,319.1,641.1000000000001
-28.141944,26.417778,21-09-2011,170.9,188.5,579.2000000000002
-29.033333,23.983333,21-09-2011,100.0,105.0,493.80000000000007
-33.818056,19.694722,21-09-2011,60.0,156.00000000000003,390.70000000000005
-34.075556,20.145556,21-09-2011,62.50000000000001,139.50000000000003,341.19999999999993
-29.161667,23.696389,22-09-2011,83.30000000000001,88.0,462.1000000000001
-27.38972222,26.46388889,22-09-2011,173.20000000000002,205.20000000000002,625.7
-27.398611,26.614722,22-09-2011,176.90000000000003,212.40000000000003,622.4999999999999
-33.897778,20.012778,22-09-2011,57.400000000000006,132.60000000000002,329.80000000000007
-29.641944,30.6875,23-09-2011,286.8,362.5,849.5
-28.760833,17.730278,24-09-2011,7.1000000000000005,15.200000000000003,87.30000000000003
-29.641944,30.6875,24-09-2011,286.8,362.5,849.5
-25.513889,31.224444,26-09-2011,303.6,391.40000000000003,728.5999999999999
-29.7775,29.470833,26-09-2011,349.4,381.40000000000003,896.8
-29.987778,29.851667,26-09-2011,305.40000000000003,345.1,791.9
-29.744167,29.905833,26-09-2011,293.9,330.30000000000007,747.1
-27.169444,29.233889,26-09-2011,223.0,305.6,598.1000000000001
-26.73806,27.59194,26-09-2011,209.60000000000002,259.1,596.8
-26.45,28.085833,26-09-2011,214.89999999999998,273.1,594.9000000000001
-31.396,29.2651,26-09-2011,323.8,395.0,998.3000000000001
-31.554722,29.245556,26-09-2011,345.8,422.6,1031.7000000000003
-24.282222,28.090278,27-09-2011,225.3,314.5,599.4
-25.127778,27.628889,27-09-2011,220.60000000000002,279.4,569.5
-25.20639,27.558,27-09-2011,220.90000000000003,276.90000000000003,585.2
-23.281,30.54305556,27-09-2011,238.4,358.8,609.0
-28.747778,31.745833,27-09-2011,337.6,503.59999999999997,991.0000000000001
-30.733889,29.828333,27-09-2011,327.40000000000003,382.1,916.8999999999999
-27.273889,28.49,27-09-2011,226.60000000000002,327.9,708.0000000000001
-27.3,28.586944,27-09-2011,227.3,322.8,691.5
-30.568333,29.422778,27-09-2011,284.5,322.90000000000003,778.5
-31.104278,29.399722,27-09-2011,315.50000000000006,373.80000000000007,952.1
-34.092222,21.295278,27-09-2011,85.0,164.3,401.20000000000005
-34.405833,19.600556,27-09-2011,79.60000000000001,185.90000000000003,444.7
-29.161667,23.696389,28-09-2011,83.30000000000001,88.0,462.1000000000001
-22.935,28.004167,28-09-2011,156.00000000000003,205.50000000000003,372.6
-23.763056,27.908611,28-09-2011,211.2,285.3,535.8999999999999
-24.768889,31.39,28-09-2011,235.40000000000003,311.00000000000006,604.3
-28.801278,31.955389,28-09-2011,312.1,486.1,1067.7
-30.27402,30.69602,28-09-2011,329.09999999999997,401.5,1067.3
-27.802778,28.768333,28-09-2011,231.40000000000003,295.40000000000003,674.4000000000001
-27.398611,26.614722,28-09-2011,176.90000000000003,212.40000000000003,622.4999999999999
-31.031389,28.883333,28-09-2011,282.8,324.90000000000003,769.4000000000001
-30.86013889,29.07125,28-09-2011,279.3,318.90000000000003,777.6
-30.77586667,29.03221667,28-09-2011,277.1,313.8,775.0999999999999
-27.495556,26.074722,28-09-2011,162.4,184.40000000000003,624.8
-24.99328,30.81444,29-09-2011,359.1,494.5,932.6000000000003
-30.13573889,30.67422222,29-09-2011,312.20000000000005,384.30000000000007,1005.5000000000002
-27.573056,24.746389,30-09-2011,155.2,168.0,578.9
-27.902778,24.615556,30-09-2011,147.5,157.20000000000002,566.9999999999999
-29.803611,30.516111,30-09-2011,297.3,354.9,833.3000000000002
-26.861111,28.884722,03-10-2011,222.60000000000002,299.0,614.1999999999999
-29.160278,26.573333,03-10-2011,169.4,183.6,587.8000000000001
-26.03611,30.99778,04-10-2011,390.90000000000003,509.7,893.6000000000001
-27.398611,26.614722,04-10-2011,176.90000000000003,212.40000000000003,622.4999999999999
-27.671111,27.236944,04-10-2011,188.8,220.6,601.4
-30.160091,27.40124,04-10-2011,199.5,221.9,662.0
-30.336111,27.359444,04-10-2011,199.20000000000002,224.5,674.4
-28.69485,28.23487,04-10-2011,221.70000000000005,256.20000000000005,714.4000000000001
-28.883333,27.89,04-10-2011,220.3,248.2,681.8000000000001
-31.5653,18.3306,04-10-2011,12.2,57.5,162.6
-25.45963889,28.26430556,04-10-2011,228.9,298.9,570.0999999999999
-28.338333,31.373611,04-10-2011,306.1,422.6,718.8
-28.068333,31.55,04-10-2011,278.8,389.90000000000003,665.6000000000001
-27.4,26.624722,04-10-2011,176.90000000000003,212.40000000000003,622.4999999999999
-29.161667,23.696389,05-10-2011,83.30000000000001,88.0,462.1000000000001
-25.81048333,27.90955222,05-10-2011,226.40000000000003,284.20000000000005,643.7
-29.641944,30.6875,05-10-2011,286.8,362.5,849.5
-31.860278,18.6875,05-10-2011,17.900000000000002,67.6,198.69999999999996
-27.00222,28.76528,05-10-2011,223.90000000000003,308.0,646.6999999999999
-27.02314,28.59389,05-10-2011,223.8,310.20000000000005,649.5
-27.273889,28.49,05-10-2011,226.60000000000002,327.9,708.0000000000001
-27.4275,28.525833,05-10-2011,228.89999999999998,314.8,697.8000000000001
-27.3,28.586944,05-10-2011,227.3,322.8,691.5
-30.830556,26.921389,06-10-2011,165.1,187.5,601.6000000000001
-30.679722,26.7125,06-10-2011,159.20000000000002,178.10000000000002,586.5000000000001
-30.160091,27.40124,06-10-2011,199.5,221.9,662.0
-30.336111,27.359444,06-10-2011,199.20000000000002,224.5,674.4
-31.000833,26.353056,07-10-2011,125.70000000000002,142.3,538.5000000000001
-28.460833,21.248889,07-10-2011,80.30000000000001,87.4,415.70000000000005
-28.760833,17.730278,08-10-2011,7.1000000000000005,15.200000000000003,87.30000000000003
-27.602222,29.942778,08-10-2011,259.2,357.0,639.9000000000001
-27.169444,29.233889,10-10-2011,223.0,305.6,598.1000000000001
-27.01011111,26.69808333,11-10-2011,182.00000000000003,220.90000000000003,603.6
-24.183889,30.823889,11-10-2011,219.2,292.7,520.5000000000001
-25.127778,27.628889,11-10-2011,220.60000000000002,279.4,569.5
-25.20639,27.558,11-10-2011,220.90000000000003,276.90000000000003,585.2
-24.69514,27.40906,11-10-2011,229.5,292.5,597.5999999999999
-25.73411,27.21422,11-10-2011,232.1,287.8,663.1999999999999
-27.363611,31.783333,11-10-2011,230.60000000000002,303.1,585.3000000000001
-26.648056,27.089444,11-10-2011,195.3,242.50000000000003,596.6
-26.970278,27.211111,11-10-2011,198.6,244.5,597.0
-26.880278,26.965,11-10-2011,191.70000000000002,235.9,598.6
-26.98472222,26.63227778,11-10-2011,183.40000000000003,222.10000000000002,615.5
-27.573056,24.746389,11-10-2011,155.2,168.0,578.9
-29.028629,24.638389,11-10-2011,137.3,142.8,540.5
-30.160091,27.40124,11-10-2011,199.5,221.9,662.0
-33.31388889,19.07472222,11-10-2011,46.4,140.6,366.4000000000001
-29.161667,23.696389,12-10-2011,83.30000000000001,88.0,462.1000000000001
-24.058889,31.237222,12-10-2011,184.70000000000002,252.60000000000002,446.6
-26.905,32.324722,12-10-2011,203.0,260.8,522.1
-26.73806,27.59194,12-10-2011,209.60000000000002,259.1,596.8
-31.000833,26.353056,12-10-2011,125.70000000000002,142.3,538.5000000000001
-30.679722,26.7125,12-10-2011,159.20000000000002,178.10000000000002,586.5000000000001
-33.7075,18.97444444,12-10-2011,63.900000000000006,187.29999999999998,479.4000000000001
-24.679167,30.8025,13-10-2011,361.3,497.00000000000006,930.2
-34.250556,20.9925,13-10-2011,80.6,160.3,402.10000000000014
-34.031944,22.053333,13-10-2011,86.60000000000001,162.8,412.69999999999993
-34.039722,22.133333,13-10-2011,90.9,169.6,428.90000000000003
-34.02861,22.22222,14-10-2011,100.6,186.8,460.20000000000005
-27.01011111,26.69808333,17-10-2011,182.00000000000003,220.90000000000003,603.6
-25.99136,27.84208,17-10-2011,227.8,288.1,656.3
-26.861111,28.884722,17-10-2011,222.60000000000002,299.0,614.1999999999999
-26.73806,27.59194,17-10-2011,209.60000000000002,259.1,596.8
-26.98472222,26.63227778,17-10-2011,183.40000000000003,222.10000000000002,615.5
-29.042222,24.6,17-10-2011,132.90000000000003,138.20000000000002,528.8000000000001
-29.380556,30.2775,18-10-2011,285.4,337.8,747.4
-27.00222,28.76528,18-10-2011,223.90000000000003,308.0,646.6999999999999
-26.648056,27.089444,18-10-2011,195.3,242.50000000000003,596.6
-26.970278,27.211111,18-10-2011,198.6,244.5,597.0
-26.880278,26.965,18-10-2011,191.70000000000002,235.9,598.6
-28.141944,26.417778,18-10-2011,170.9,188.5,579.2000000000002
-31.436944,20.474722,18-10-2011,21.200000000000003,42.1,180.20000000000002
-33.501667,21.624167,18-10-2011,61.8,108.30000000000001,270.6
-33.818056,19.694722,18-10-2011,60.0,156.00000000000003,390.70000000000005
-25.45963889,28.26430556,18-10-2011,228.9,298.9,570.0999999999999
-28.7115,24.07288889,19-10-2011,108.5,114.2,520.0000000000001
-25.81048333,27.90955222,19-10-2011,226.40000000000003,284.20000000000005,643.7
-26.006389,29.253889,19-10-2011,254.60000000000002,345.2,626.5
-29.1825,23.575556,19-10-2011,79.7,84.60000000000001,453.59999999999997
-34.075556,20.145556,19-10-2011,62.50000000000001,139.50000000000003,341.19999999999993
-27.5275,30.858056,20-10-2011,318.6,413.7,729.8000000000001
-28.404444,30.013056,20-10-2011,251.7,319.1,641.1000000000001
-27.38972222,26.46388889,20-10-2011,173.20000000000002,205.20000000000002,625.7
-29.028629,24.638389,20-10-2011,137.3,142.8,540.5
-28.058889,30.373611,20-10-2011,265.0,352.20000000000005,693.8000000000001
-25.57877778,29.12747222,20-10-2011,244.0,326.70000000000005,613.5999999999999
-27.937778,31.209444,21-10-2011,264.1,349.20000000000005,582.7
-28.760833,17.730278,22-10-2011,7.1000000000000005,15.200000000000003,87.30000000000003
-24.058889,31.237222,24-10-2011,184.70000000000002,252.60000000000002,446.6
-29.7775,29.470833,24-10-2011,349.4,381.40000000000003,896.8
-29.987778,29.851667,24-10-2011,305.40000000000003,345.1,791.9
-29.744167,29.905833,24-10-2011,293.9,330.30000000000007,747.1
-27.169444,29.233889,24-10-2011,223.0,305.6,598.1000000000001
-26.73806,27.59194,24-10-2011,209.60000000000002,259.1,596.8
-26.45,28.085833,24-10-2011,214.89999999999998,273.1,594.9000000000001
-34.065833,20.404167,25-10-2011,59.60000000000001,130.1,330.40000000000003
-25.127778,27.628889,25-10-2011,220.60000000000002,279.4,569.5
-25.20639,27.558,25-10-2011,220.90000000000003,276.90000000000003,585.2
-24.69514,27.40906,25-10-2011,229.5,292.5,597.5999999999999
-25.73411,27.21422,25-10-2011,232.1,287.8,663.1999999999999
-22.769722,30.886944,25-10-2011,240.3,334.40000000000003,545.5
-28.747778,31.745833,25-10-2011,337.6,503.59999999999997,991.0000000000001
-30.733889,29.828333,25-10-2011,327.40000000000003,382.1,916.8999999999999
-31.104278,29.399722,25-10-2011,315.50000000000006,373.80000000000007,952.1
-30.77586667,29.03221667,25-10-2011,277.1,313.8,775.0999999999999
-31.396,29.2651,25-10-2011,323.8,395.0,998.3000000000001
-31.554722,29.245556,25-10-2011,345.8,422.6,1031.7000000000003
-34.092222,21.295278,25-10-2011,85.0,164.3,401.20000000000005
-27.495556,26.074722,25-10-2011,162.4,184.40000000000003,624.8
-30.398056,30.601944,26-10-2011,346.40000000000003,426.5,1089.3
-30.27402,30.69602,26-10-2011,329.09999999999997,401.5,1067.3
-30.568333,29.422778,26-10-2011,284.5,322.90000000000003,778.5
-30.86013889,29.07125,26-10-2011,279.3,318.90000000000003,777.6
-30.570833,29.150556,26-10-2011,280.2,315.3,753.0
-33.897778,20.012778,26-10-2011,57.400000000000006,132.60000000000002,329.80000000000007
-25.447222,30.711667,26-10-2011,307.1,410.30000000000007,727.0000000000001
-30.13573889,30.67422222,27-10-2011,312.20000000000005,384.30000000000007,1005.5000000000002
-31.031389,28.883333,27-10-2011,282.8,324.90000000000003,769.4000000000001
-34.405833,19.600556,27-10-2011,79.60000000000001,185.90000000000003,444.7
-27.398611,26.614722,28-10-2011,176.90000000000003,212.40000000000003,622.4999999999999
-27.902778,24.615556,28-10-2011,147.5,157.20000000000002,566.9999999999999
-29.803611,30.516111,28-10-2011,297.3,354.9,833.3000000000002
-25.99136,27.84208,31-10-2011,227.8,288.1,656.3
-26.861111,28.884722,31-10-2011,222.60000000000002,299.0,614.1999999999999
-26.45,28.085833,31-10-2011,214.89999999999998,273.1,594.9000000000001
-32.502778,19.535833,31-10-2011,18.3,59.7,193.4
-31.860278,18.6875,01-11-2011,17.900000000000002,67.6,198.69999999999996
-28.735556,29.820556,01-11-2011,250.7,301.2,630.5000000000001
-27.00222,28.76528,01-11-2011,223.90000000000003,308.0,646.6999999999999
-26.880278,26.965,01-11-2011,191.70000000000002,235.9,598.6
-27.38972222,26.46388889,01-11-2011,173.20000000000002,205.20000000000002,625.7
-29.160278,26.573333,01-11-2011,169.4,183.6,587.8000000000001
-30.679722,26.7125,01-11-2011,159.20000000000002,178.10000000000002,586.5000000000001
-25.45963889,28.26430556,01-11-2011,228.9,298.9,570.0999999999999
-28.338333,31.373611,01-11-2011,306.1,422.6,718.8
-25.81048333,27.90955222,02-11-2011,226.40000000000003,284.20000000000005,643.7
-29.641944,30.6875,02-11-2011,286.8,362.5,849.5
-28.69485,28.23487,02-11-2011,221.70000000000005,256.20000000000005,714.4000000000001
-29.615556,27.065278,02-11-2011,190.10000000000002,206.20000000000002,666.2
-29.161667,23.696389,03-11-2011,83.30000000000001,88.0,462.1000000000001
-28.44555556,32.325,03-11-2011,339.20000000000005,543.2,1209.9
-27.602222,29.942778,03-11-2011,259.2,357.0,639.9000000000001
-30.160091,27.40124,03-11-2011,199.5,221.9,662.0
-30.336111,27.359444,03-11-2011,199.20000000000002,224.5,674.4
-28.883333,27.89,03-11-2011,220.3,248.2,681.8000000000001
-29.1825,23.575556,03-11-2011,79.7,84.60000000000001,453.59999999999997
-32.595833,19.009444,03-11-2011,25.400000000000002,84.7,240.00000000000003
-28.7115,24.07288889,04-11-2011,108.5,114.2,520.0000000000001
-30.830556,26.921389,04-11-2011,165.1,187.5,601.6000000000001
-27.573056,24.746389,04-11-2011,155.2,168.0,578.9
-30.679722,26.7125,04-11-2011,159.20000000000002,178.10000000000002,586.5000000000001
-28.69485,28.23487,04-11-2011,221.70000000000005,256.20000000000005,714.4000000000001
-28.760833,17.730278,05-11-2011,7.1000000000000005,15.200000000000003,87.30000000000003
-29.658056,25.973333,05-11-2011,138.0,145.3,527.6
-31.000833,26.353056,05-11-2011,125.70000000000002,142.3,538.5000000000001
-27.169444,29.233889,07-11-2011,223.0,305.6,598.1000000000001
-26.73806,27.59194,07-11-2011,209.60000000000002,259.1,596.8
-27.01011111,26.69808333,08-11-2011,182.00000000000003,220.90000000000003,603.6
-24.679167,30.8025,08-11-2011,361.3,497.00000000000006,930.2
-24.183889,30.823889,08-11-2011,219.2,292.7,520.5000000000001
-25.127778,27.628889,08-11-2011,220.60000000000002,279.4,569.5
-25.20639,27.558,08-11-2011,220.90000000000003,276.90000000000003,585.2
-24.69514,27.40906,08-11-2011,229.5,292.5,597.5999999999999
-27.363611,31.783333,08-11-2011,230.60000000000002,303.1,585.3000000000001
-29.380556,30.2775,08-11-2011,285.4,337.8,747.4
-26.98472222,26.63227778,08-11-2011,183.40000000000003,222.10000000000002,615.5
-27.398611,26.614722,08-11-2011,176.90000000000003,212.40000000000003,622.4999999999999
-27.671111,27.236944,08-11-2011,188.8,220.6,601.4
-27.495556,26.074722,08-11-2011,162.4,184.40000000000003,624.8
-24.058889,31.237222,09-11-2011,184.70000000000002,252.60000000000002,446.6
-27.02314,28.59389,09-11-2011,223.8,310.20000000000005,649.5
-26.648056,27.089444,09-11-2011,195.3,242.50000000000003,596.6
-27.273889,28.49,09-11-2011,226.60000000000002,327.9,708.0000000000001
-27.4275,28.525833,09-11-2011,228.89999999999998,314.8,697.8000000000001
-27.3,28.586944,09-11-2011,227.3,322.8,691.5
-29.161667,30.629722,10-11-2011,316.1,402.70000000000005,873.8
-33.38056,19.30167,10-11-2011,50.400000000000006,144.70000000000002,364.8
-33.31388889,19.07472222,10-11-2011,46.4,140.6,366.4000000000001
-33.13083,18.86278,10-11-2011,38.1,115.70000000000002,314.4
-33.7075,18.97444444,10-11-2011,63.900000000000006,187.29999999999998,479.4000000000001
-28.75,30.442778,11-11-2011,235.10000000000002,287.90000000000003,588.7
-30.733889,29.828333,11-11-2011,327.40000000000003,382.1,916.8999999999999
-27.5275,30.858056,12-11-2011,318.6,413.7,729.8000000000001
-24.670833,28.560833,14-11-2011,255.8,334.6,584.7
-25.99136,27.84208,14-11-2011,227.8,288.1,656.3
-24.925278,29.324444,14-11-2011,221.8,304.9,558.6000000000001
-24.282222,28.090278,15-11-2011,225.3,314.5,599.4
-29.380556,30.2775,15-11-2011,285.4,337.8,747.4
-27.00222,28.76528,15-11-2011,223.90000000000003,308.0,646.6999999999999
-26.648056,27.089444,15-11-2011,195.3,242.50000000000003,596.6
-34.031944,22.053333,15-11-2011,86.60000000000001,162.8,412.69999999999993
-34.039722,22.133333,15-11-2011,90.9,169.6,428.90000000000003
-25.45963889,28.26430556,15-11-2011,228.9,298.9,570.0999999999999
-29.161667,23.696389,16-11-2011,83.30000000000001,88.0,462.1000000000001
-25.81048333,27.90955222,16-11-2011,226.40000000000003,284.20000000000005,643.7
-22.935,28.004167,16-11-2011,156.00000000000003,205.50000000000003,372.6
-34.065833,20.404167,16-11-2011,59.60000000000001,130.1,330.40000000000003
-27.937778,31.209444,16-11-2011,264.1,349.20000000000005,582.7
-28.404444,30.013056,16-11-2011,251.7,319.1,641.1000000000001
-28.141944,26.417778,16-11-2011,170.9,188.5,579.2000000000002
-30.160091,27.40124,16-11-2011,199.5,221.9,662.0
-34.02861,22.22222,16-11-2011,100.6,186.8,460.20000000000005
-33.818056,19.694722,16-11-2011,60.0,156.00000000000003,390.70000000000005
-34.075556,20.145556,16-11-2011,62.50000000000001,139.50000000000003,341.19999999999993
-34.005833,22.351111,16-11-2011,121.6,220.2,518.4000000000001
-28.058889,30.373611,16-11-2011,265.0,352.20000000000005,693.8000000000001
-22.91028,29.61111,17-11-2011,212.3,293.80000000000007,468.80000000000007
-27.38972222,26.46388889,17-11-2011,173.20000000000002,205.20000000000002,625.7
-27.398611,26.614722,17-11-2011,176.90000000000003,212.40000000000003,622.4999999999999
-27.671111,27.236944,17-11-2011,188.8,220.6,601.4
-33.897778,20.012778,17-11-2011,57.400000000000006,132.60000000000002,329.80000000000007
-27.902778,24.615556,18-11-2011,147.5,157.20000000000002,566.9999999999999
-28.760833,17.730278,19-11-2011,7.1000000000000005,15.200000000000003,87.30000000000003
-29.161667,23.696389,21-11-2011,83.30000000000001,88.0,462.1000000000001
-27.01011111,26.69808333,21-11-2011,182.00000000000003,220.90000000000003,603.6
-29.7775,29.470833,21-11-2011,349.4,381.40000000000003,896.8
-29.744167,29.905833,21-11-2011,293.9,330.30000000000007,747.1
-26.861111,28.884722,21-11-2011,222.60000000000002,299.0,614.1999999999999
-26.45,28.085833,21-11-2011,214.89999999999998,273.1,594.9000000000001
-26.98472222,26.63227778,21-11-2011,183.40000000000003,222.10000000000002,615.5
-31.554722,29.245556,21-11-2011,345.8,422.6,1031.7000000000003
-25.127778,27.628889,22-11-2011,220.60000000000002,279.4,569.5
-25.20639,27.558,22-11-2011,220.90000000000003,276.90000000000003,585.2
-24.69514,27.40906,22-11-2011,229.5,292.5,597.5999999999999
-29.987778,29.851667,22-11-2011,305.40000000000003,345.1,791.9
-27.169444,29.233889,22-11-2011,223.0,305.6,598.1000000000001
-26.970278,27.211111,22-11-2011,198.6,244.5,597.0
-26.880278,26.965,22-11-2011,191.70000000000002,235.9,598.6
-31.394444,20.947222,22-11-2011,26.1,42.0,184.29999999999998
-29.651389,22.746389,22-11-2011,60.50000000000001,66.6,389.6
-27.495556,26.074722,22-11-2011,162.4,184.40000000000003,624.8
-23.658056,31.05,23-11-2011,169.00000000000003,239.60000000000002,424.1000000000001
-28.747778,31.745833,23-11-2011,337.6,503.59999999999997,991.0000000000001
-28.801278,31.955389,23-11-2011,312.1,486.1,1067.7
-30.398056,30.601944,23-11-2011,346.40000000000003,426.5,1089.3
-30.27402,30.69602,23-11-2011,329.09999999999997,401.5,1067.3
-28.69485,28.23487,23-11-2011,221.70000000000005,256.20000000000005,714.4000000000001
-30.568333,29.422778,23-11-2011,284.5,322.90000000000003,778.5
-30.13573889,30.67422222,24-11-2011,312.20000000000005,384.30000000000007,1005.5000000000002
-27.573056,24.746389,24-11-2011,155.2,168.0,578.9
-31.031389,28.883333,24-11-2011,282.8,324.90000000000003,769.4000000000001
-30.86013889,29.07125,24-11-2011,279.3,318.90000000000003,777.6
-30.77586667,29.03221667,24-11-2011,277.1,313.8,775.0999999999999
-27.902778,24.615556,25-11-2011,147.5,157.20000000000002,566.9999999999999
-29.803611,30.516111,25-11-2011,297.3,354.9,833.3000000000002
-25.99136,27.84208,28-11-2011,227.8,288.1,656.3
-30.398056,30.601944,28-11-2011,346.40000000000003,426.5,1089.3
-30.27402,30.69602,28-11-2011,329.09999999999997,401.5,1067.3
-27.169444,29.233889,28-11-2011,223.0,305.6,598.1000000000001
-26.861111,28.884722,28-11-2011,222.60000000000002,299.0,614.1999999999999
-26.73806,27.59194,28-11-2011,209.60000000000002,259.1,596.8
-29.160278,26.573333,28-11-2011,169.4,183.6,587.8000000000001
-28.735556,29.820556,29-11-2011,250.7,301.2,630.5000000000001
-30.679722,26.7125,29-11-2011,159.20000000000002,178.10000000000002,586.5000000000001
-28.69485,28.23487,29-11-2011,221.70000000000005,256.20000000000005,714.4000000000001
-29.615556,27.065278,29-11-2011,190.10000000000002,206.20000000000002,666.2
-28.883333,27.89,29-11-2011,220.3,248.2,681.8000000000001
-25.45963889,28.26430556,29-11-2011,228.9,298.9,570.0999999999999
-25.81048333,27.90955222,30-11-2011,226.40000000000003,284.20000000000005,643.7
-29.641944,30.6875,30-11-2011,286.8,362.5,849.5
-27.602222,29.942778,30-11-2011,259.2,357.0,639.9000000000001
-27.02314,28.59389,30-11-2011,223.8,310.20000000000005,649.5
-27.273889,28.49,30-11-2011,226.60000000000002,327.9,708.0000000000001
-27.4275,28.525833,30-11-2011,228.89999999999998,314.8,697.8000000000001
-27.3,28.586944,30-11-2011,227.3,322.8,691.5
-30.160091,27.40124,30-11-2011,199.5,221.9,662.0
-30.336111,27.359444,30-11-2011,199.20000000000002,224.5,674.4
-25.447222,30.711667,30-11-2011,307.1,410.30000000000007,727.0000000000001
-30.830556,26.921389,01-12-2011,165.1,187.5,601.6000000000001
-27.398611,26.614722,01-12-2011,176.90000000000003,212.40000000000003,622.4999999999999
-31.000833,26.353056,01-12-2011,125.70000000000002,142.3,538.5000000000001
-29.658056,25.973333,02-12-2011,138.0,145.3,527.6
-28.760833,17.730278,03-12-2011,7.1000000000000005,15.200000000000003,87.30000000000003
-28.96362,19.15486,03-12-2011,5.1000000000000005,8.9,130.9
-24.679167,30.8025,06-12-2011,361.3,497.00000000000006,930.2
-24.183889,30.823889,06-12-2011,219.2,292.7,520.5000000000001
-25.127778,27.628889,06-12-2011,220.60000000000002,279.4,569.5
-25.20639,27.558,06-12-2011,220.90000000000003,276.90000000000003,585.2
-24.69514,27.40906,06-12-2011,229.5,292.5,597.5999999999999
-24.39619444,27.08983333,09-04-2014,209.10000000000002,218.0,537.8
-29.380556,30.2775,06-12-2011,285.4,337.8,747.4
-27.671111,27.236944,06-12-2011,188.8,220.6,601.4
-29.658056,25.973333,06-12-2011,138.0,145.3,527.6
-33.501667,21.624167,06-12-2011,61.8,108.30000000000001,270.6
-29.161667,23.696389,07-12-2011,83.30000000000001,88.0,462.1000000000001
-27.01011111,26.69808333,07-12-2011,182.00000000000003,220.90000000000003,603.6
-29.641944,30.6875,07-12-2011,286.8,362.5,849.5
-24.282222,28.090278,07-12-2011,225.3,314.5,599.4
-24.058889,31.237222,07-12-2011,184.70000000000002,252.60000000000002,446.6
-26.45,28.085833,07-12-2011,214.89999999999998,273.1,594.9000000000001
-26.98472222,26.63227778,07-12-2011,183.40000000000003,222.10000000000002,615.5
-27.398611,26.614722,07-12-2011,176.90000000000003,212.40000000000003,622.4999999999999
-28.69485,28.23487,07-12-2011,221.70000000000005,256.20000000000005,714.4000000000001
-29.1825,23.575556,07-12-2011,79.7,84.60000000000001,453.59999999999997
-27.4,26.624722,07-12-2011,176.90000000000003,212.40000000000003,622.4999999999999
-27.00222,28.76528,08-12-2011,223.90000000000003,308.0,646.6999999999999
-26.648056,27.089444,08-12-2011,195.3,242.50000000000003,596.6
-26.970278,27.211111,08-12-2011,198.6,244.5,597.0
-26.880278,26.965,08-12-2011,191.70000000000002,235.9,598.6
-27.902778,24.615556,09-12-2011,147.5,157.20000000000002,566.9999999999999
-28.768056,20.720556,09-12-2011,53.7,59.5,314.40000000000003
-27.01011111,26.69808333,12-12-2011,182.00000000000003,220.90000000000003,603.6
-25.99136,27.84208,12-12-2011,227.8,288.1,656.3
-24.058889,31.237222,12-12-2011,184.70000000000002,252.60000000000002,446.6
-29.380556,30.2775,12-12-2011,285.4,337.8,747.4
-26.861111,28.884722,12-12-2011,222.60000000000002,299.0,614.1999999999999
-26.73806,27.59194,12-12-2011,209.60000000000002,259.1,596.8
-26.45,28.085833,12-12-2011,214.89999999999998,273.1,594.9000000000001
-26.98472222,26.63227778,12-12-2011,183.40000000000003,222.10000000000002,615.5
-24.925278,29.324444,13-12-2011,221.8,304.9,558.6000000000001
-27.169444,29.233889,13-12-2011,223.0,305.6,598.1000000000001
-26.648056,27.089444,13-12-2011,195.3,242.50000000000003,596.6
-26.970278,27.211111,13-12-2011,198.6,244.5,597.0
-26.880278,26.965,13-12-2011,191.70000000000002,235.9,598.6
-29.615556,27.065278,13-12-2011,190.10000000000002,206.20000000000002,666.2
-31.396,29.2651,13-12-2011,323.8,395.0,998.3000000000001
-33.38056,19.30167,13-12-2011,50.400000000000006,144.70000000000002,364.8
-33.31388889,19.07472222,13-12-2011,46.4,140.6,366.4000000000001
-29.161667,23.696389,14-12-2011,83.30000000000001,88.0,462.1000000000001
-25.81048333,27.90955222,14-12-2011,226.40000000000003,284.20000000000005,643.7
-27.937778,31.209444,14-12-2011,264.1,349.20000000000005,582.7
-28.141944,26.417778,14-12-2011,170.9,188.5,579.2000000000002
-28.1175,26.719444,14-12-2011,173.8,194.0,584.4999999999999
-30.568333,29.422778,14-12-2011,284.5,322.90000000000003,778.5
-31.104278,29.399722,14-12-2011,315.50000000000006,373.80000000000007,952.1
-28.058889,30.373611,14-12-2011,265.0,352.20000000000005,693.8000000000001
-25.447222,30.711667,14-12-2011,307.1,410.30000000000007,727.0000000000001
-27.5275,30.858056,15-12-2011,318.6,413.7,729.8000000000001
-27.398611,26.614722,15-12-2011,176.90000000000003,212.40000000000003,622.4999999999999
-27.671111,27.236944,15-12-2011,188.8,220.6,601.4
-31.031389,28.883333,15-12-2011,282.8,324.90000000000003,769.4000000000001
-30.86013889,29.07125,15-12-2011,279.3,318.90000000000003,777.6
-32.502778,19.535833,19-12-2011,18.3,59.7,193.4
-29.161667,23.696389,20-12-2011,83.30000000000001,88.0,462.1000000000001
-29.160278,26.573333,20-12-2011,169.4,183.6,587.8000000000001
-32.595833,19.009444,20-12-2011,25.400000000000002,84.7,240.00000000000003
-33.13083,18.86278,20-12-2011,38.1,115.70000000000002,314.4
-28.69485,28.23487,21-12-2011,221.70000000000005,256.20000000000005,714.4000000000001
-28.883333,27.89,21-12-2011,220.3,248.2,681.8000000000001
-29.1825,23.575556,21-12-2011,79.7,84.60000000000001,453.59999999999997
-33.7075,18.97444444,21-12-2011,63.900000000000006,187.29999999999998,479.4000000000001
-27.573056,24.746389,22-12-2011,155.2,168.0,578.9
-30.160091,27.40124,22-12-2011,199.5,221.9,662.0
-30.336111,27.359444,22-12-2011,199.20000000000002,224.5,674.4
-30.830556,26.921389,23-12-2011,165.1,187.5,601.6000000000001
-29.658056,25.973333,23-12-2011,138.0,145.3,527.6
-31.000833,26.353056,23-12-2011,125.70000000000002,142.3,538.5000000000001
-25.362222,31.956667,26-12-2011,216.10000000000002,271.8,527.3
-25.14944444,31.94055556,26-12-2011,210.10000000000002,264.6,499.90000000000003
-28.735556,29.820556,27-12-2011,250.7,301.2,630.5000000000001
-29.641944,30.6875,28-12-2011,286.8,362.5,849.5
-29.758889,30.935278,28-12-2011,310.20000000000005,429.30000000000007,982.9
-27.602222,29.942778,29-12-2011,259.2,357.0,639.9000000000001
-30.398056,30.601944,29-12-2011,346.40000000000003,426.5,1089.3
-30.27402,30.69602,29-12-2011,329.09999999999997,401.5,1067.3
-28.760833,17.730278,03-01-2012,23.300000000000004,33.400000000000006,56.1
-25.99136,27.84208,03-01-2012,188.6,391.1,660.6
-26.861111,28.884722,03-01-2012,182.8,390.1,621.0
-26.73806,27.59194,03-01-2012,162.9,352.70000000000005,576.3000000000001
-26.45,28.085833,03-01-2012,178.8,373.8,591.4999999999999
-27.671111,27.236944,03-01-2012,152.8,313.3,539.8
-27.01011111,26.69808333,04-01-2012,123.40000000000002,305.40000000000003,451.30000000000007
-25.127778,27.628889,04-01-2012,105.89999999999999,326.50000000000006,458.9000000000001
-25.20639,27.558,04-01-2012,107.2,328.1000000000001,464.1000000000001
-24.69514,27.40906,04-01-2012,113.80000000000001,343.3,480.1
-27.169444,29.233889,04-01-2012,114.5,337.5,502.4
-26.880278,26.965,04-01-2012,119.90000000000002,311.6,451.1
-26.98472222,26.63227778,04-01-2012,125.60000000000001,309.00000000000006,459.50000000000006
-27.398611,26.614722,04-01-2012,119.30000000000001,296.2000000000001,470.40000000000015
-25.45963889,28.26430556,04-01-2012,111.5,340.40000000000003,462.7
-27.495556,26.074722,04-01-2012,128.9,291.3,461.5000000000001
-27.4,26.624722,04-01-2012,119.30000000000001,296.2000000000001,470.40000000000015
-25.81048333,27.90955222,05-01-2012,69.2,288.3,417.8
-29.161667,30.629722,05-01-2012,92.30000000000001,407.90000000000003,615.9000000000001
-27.00222,28.76528,05-01-2012,63.900000000000006,283.4,458.0
-27.02314,28.59389,05-01-2012,65.00000000000001,284.90000000000003,461.3
-26.648056,27.089444,05-01-2012,61.70000000000001,266.50000000000006,390.00000000000006
-26.970278,27.211111,05-01-2012,58.400000000000006,265.70000000000005,387.30000000000007
-27.273889,28.49,05-01-2012,67.0,294.5,490.20000000000005
-27.4275,28.525833,05-01-2012,63.900000000000006,295.9,472.3
-27.3,28.586944,05-01-2012,65.9,292.70000000000005,479.40000000000003
-28.376944,24.303056,05-01-2012,61.4,258.9,314.6
-29.744167,29.905833,06-01-2012,48.099999999999994,317.9,608.0
-29.7775,29.470833,09-01-2012,44.6,98.6,714.4000000000001
-29.987778,29.851667,09-01-2012,55.6,109.1,665.4
-29.744167,29.905833,09-01-2012,49.60000000000001,97.69999999999999,619.2
-26.970278,27.211111,09-01-2012,26.900000000000002,49.2,389.6
-30.733889,29.828333,10-01-2012,205.60000000000002,287.20000000000005,878.1000000000001
-26.880278,26.965,10-01-2012,69.4,84.10000000000001,395.70000000000005
-26.98472222,26.63227778,10-01-2012,64.0,84.1,393.1
-33.501667,21.624167,10-01-2012,78.0,162.4,307.6
-30.27402,30.69602,11-01-2012,273.9,384.8,850.3000000000001
-33.818056,19.694722,11-01-2012,92.1,332.09999999999997,463.5
-30.13573889,30.67422222,12-01-2012,377.20000000000005,481.3,855.3
-34.075556,20.145556,12-01-2012,60.300000000000004,217.4,385.2000000000001
-29.803611,30.516111,13-01-2012,379.70000000000005,435.80000000000007,760.0999999999999
-24.670833,28.560833,16-01-2012,294.8,314.9,474.5
-26.73806,27.59194,16-01-2012,271.2,304.4,484.8
-26.45,28.085833,16-01-2012,295.1,334.4,526.2
-27.044444,27.005,16-01-2012,238.8,262.5,448.1
-31.396,29.2651,16-01-2012,321.90000000000003,452.4,876.3
-31.554722,29.245556,16-01-2012,338.5,490.6,941.9000000000001
-25.73411,27.21422,29-03-2011,211.60000000000002,227.0,752.0000000000001
-27.01011111,26.69808333,17-01-2012,223.7,243.6,432.59999999999997
-25.81048333,27.90955222,17-01-2012,283.90000000000003,313.1,504.0
-24.679167,30.8025,17-01-2012,448.1,515.0,851.5
-24.183889,30.823889,17-01-2012,244.8,275.20000000000005,463.70000000000005
-24.282222,28.090278,17-01-2012,243.3,258.4,458.5
-25.99136,27.84208,17-01-2012,293.20000000000005,327.70000000000005,529.0
-25.20639,27.558,17-01-2012,241.7,260.9,429.3
-27.169444,29.233889,17-01-2012,329.3,384.3,575.9
-27.00222,28.76528,17-01-2012,332.5,380.40000000000003,577.2
-26.648056,27.089444,17-01-2012,242.4,269.6,453.00000000000006
-26.880278,26.965,17-01-2012,237.20000000000002,261.20000000000005,444.30000000000007
-25.73411,27.21422,12-02-2013,272.70000000000005,274.9,504.4000000000001
-27.38972222,26.46388889,17-01-2012,218.10000000000002,234.70000000000002,432.80000000000007
-29.042222,24.6,17-01-2012,149.20000000000002,163.2,375.1
-30.679722,26.7125,17-01-2012,189.3,228.10000000000002,510.9000000000001
-30.160091,27.40124,17-01-2012,256.9,289.4,585.1
-31.104278,29.399722,17-01-2012,309.0,406.30000000000007,805.3
-32.502778,19.535833,17-01-2012,29.0,121.4,231.80000000000007
-29.161667,23.696389,18-01-2012,126.30000000000001,137.20000000000002,344.30000000000007
-22.935,28.004167,18-01-2012,133.1,137.5,266.6
-30.830556,26.921389,18-01-2012,195.10000000000002,239.70000000000002,534.9
-23.23572222,27.717,18-01-2012,142.0,148.9,286.90000000000003
-25.127778,27.628889,18-01-2012,241.20000000000002,260.6,427.1
-24.69514,27.40906,18-01-2012,229.1,244.7,420.1
-27.4275,28.525833,18-01-2012,349.70000000000005,397.8,602.0
-25.73411,27.21422,11-02-2014,255.60000000000002,269.3,654.2
-28.141944,26.417778,18-01-2012,207.3,224.3,415.1
-25.73411,27.21422,13-03-2014,255.60000000000002,269.3,654.2
-27.671111,27.236944,18-01-2012,237.70000000000002,260.40000000000003,447.10000000000014
-25.73411,27.21422,04-06-2014,255.60000000000002,269.3,654.2
-25.73411,27.21422,09-07-2014,302.1,327.8,616.9000000000001
-30.336111,27.359444,18-01-2012,252.8,290.7,597.4000000000001
-32.595833,19.009444,18-01-2012,39.1,170.70000000000005,299.7
-25.73411,27.21422,02-09-2014,302.1,327.8,616.9000000000001
-25.45963889,28.26430556,18-01-2012,284.3,315.70000000000005,498.29999999999995
-27.356667,27.286389,18-01-2012,243.8,269.0,452.4
-22.548889,28.898056,19-01-2012,130.5,136.8,262.8
-22.91028,29.61111,19-01-2012,193.4,202.8,368.30000000000007
-27.398611,26.614722,19-01-2012,227.7,245.7,441.20000000000005
-30.679722,26.7125,19-01-2012,189.3,228.10000000000002,510.9000000000001
-27.356667,27.286389,19-01-2012,243.8,269.0,452.4
-23.658056,31.05,20-01-2012,196.3,225.50000000000003,392.50000000000006
-30.27402,30.69602,20-01-2012,381.5,503.0,900.1000000000001
-27.671111,27.236944,20-01-2012,237.70000000000002,260.40000000000003,447.10000000000014
-27.573056,24.746389,20-01-2012,168.8,178.10000000000002,391.1
-27.902778,24.615556,20-01-2012,164.0,175.20000000000002,387.30000000000007
-28.760833,17.730278,22-01-2012,15.9,30.4,68.60000000000001
-27.044444,27.005,23-01-2012,238.8,262.5,448.1
-29.161667,23.696389,24-01-2012,126.30000000000001,137.20000000000002,344.30000000000007
-27.01011111,26.69808333,24-01-2012,223.7,243.6,432.59999999999997
-26.880278,26.965,24-01-2012,237.20000000000002,261.20000000000005,444.30000000000007
-27.273889,28.49,24-01-2012,359.80000000000007,408.6,614.5
-27.4275,28.525833,24-01-2012,349.70000000000005,397.8,602.0
-25.73411,27.21422,24-06-2015,106.30000000000001,184.3,406.09999999999997
-25.73411,27.21422,07-07-2015,106.30000000000001,184.3,406.09999999999997
-27.3,28.586944,24-01-2012,355.4,404.5,607.5
-31.031389,28.883333,24-01-2012,275.7,346.0,708.9000000000001
-30.86013889,29.07125,24-01-2012,275.1,339.5,687.3000000000001
-33.31388889,19.07472222,24-01-2012,55.900000000000006,274.5,464.5
-25.45963889,28.26430556,24-01-2012,284.3,315.70000000000005,498.29999999999995
-29.161667,23.696389,25-01-2012,126.30000000000001,137.20000000000002,344.30000000000007
-29.042222,24.6,25-01-2012,149.20000000000002,163.2,375.1
-29.028629,24.638389,25-01-2012,151.70000000000002,165.90000000000003,379.30000000000007
-30.568333,29.422778,25-01-2012,289.20000000000005,345.6,683.9
-33.38056,19.30167,25-01-2012,57.4,267.3,450.6
-33.13083,18.86278,25-01-2012,46.5,230.7,400.0
-29.758889,30.935278,26-01-2012,435.70000000000005,572.8000000000001,942.2000000000002
-29.161667,30.629722,26-01-2012,452.1,569.5,887.0
-34.031944,22.053333,26-01-2012,94.2,226.8,411.90000000000003
-34.039722,22.133333,26-01-2012,98.90000000000002,236.20000000000005,427.09999999999997
-34.02861,22.22222,26-01-2012,113.00000000000001,259.8,458.90000000000003
-30.398056,30.601944,27-01-2012,383.3,514.7,927.5000000000001
-30.27402,30.69602,27-01-2012,381.5,503.0,900.1000000000001
-25.447222,30.711667,27-01-2012,411.1,487.6,740.1
-29.641944,30.6875,28-01-2012,385.5,454.9,770.4
-29.380556,30.2775,28-01-2012,394.8,474.70000000000005,760.2
-25.127778,27.628889,30-01-2012,241.20000000000002,260.6,427.1
-25.20639,27.558,30-01-2012,241.7,260.9,429.3
-24.69514,27.40906,30-01-2012,229.1,244.7,420.1
-27.169444,29.233889,30-01-2012,329.3,384.3,575.9
-26.861111,28.884722,30-01-2012,317.8,363.8,558.6
-26.970278,27.211111,30-01-2012,250.10000000000002,277.0,458.80000000000007
-26.73806,27.59194,30-01-2012,271.2,304.4,484.8
-26.45,28.085833,30-01-2012,295.1,334.4,526.2
-27.00222,28.76528,31-01-2012,332.5,380.40000000000003,577.2
-27.273889,28.49,31-01-2012,359.80000000000007,408.6,614.5
-26.98472222,26.63227778,31-01-2012,222.20000000000002,242.00000000000003,433.6
-29.160278,26.573333,31-01-2012,215.10000000000002,235.60000000000002,452.80000000000007
-33.818056,19.694722,31-01-2012,61.8,273.1,463.0999999999999
-27.3,28.586944,01-02-2012,355.4,404.5,607.5
-28.69485,28.23487,01-02-2012,299.0,332.1,570.5
-29.615556,27.065278,01-02-2012,248.5,274.70000000000005,540.5
-28.883333,27.89,01-02-2012,294.1,324.0,570.2
-34.075556,20.145556,01-02-2012,60.300000000000004,217.4,385.2000000000001
-24.925278,29.324444,02-02-2012,268.1,294.5,452.4000000000001
-30.336111,27.359444,02-02-2012,252.8,290.7,597.4000000000001
-27.573056,24.746389,03-02-2012,168.8,178.10000000000002,391.1
-27.902778,24.615556,03-02-2012,164.0,175.20000000000002,387.30000000000007
-29.658056,25.973333,03-02-2012,161.9,180.7,380.90000000000003
-31.000833,26.353056,03-02-2012,142.4,186.1,467.5
-30.679722,26.7125,03-02-2012,189.3,228.10000000000002,510.9000000000001
-28.760833,17.730278,05-02-2012,15.9,30.4,68.60000000000001
-25.99136,27.84208,06-02-2012,293.20000000000005,327.70000000000005,529.0
-29.987778,29.851667,06-02-2012,359.9,415.5,757.3000000000001
-26.45,28.085833,06-02-2012,295.1,334.4,526.2
-27.398611,26.614722,06-02-2012,227.7,245.7,441.20000000000005
-27.671111,27.236944,06-02-2012,237.70000000000002,260.40000000000003,447.10000000000014
-29.042222,24.6,06-02-2012,149.20000000000002,163.2,375.1
-27.356667,27.286389,06-02-2012,243.8,269.0,452.4
-27.01011111,26.69808333,07-02-2012,223.7,243.6,432.59999999999997
-30.830556,26.921389,07-02-2012,195.10000000000002,239.70000000000002,534.9
-30.733889,29.828333,07-02-2012,335.70000000000005,416.50000000000006,793.0
-29.380556,30.2775,07-02-2012,394.8,474.70000000000005,760.2
-26.98472222,26.63227778,07-02-2012,222.20000000000002,242.00000000000003,433.6
-25.45963889,28.26430556,07-02-2012,284.3,315.70000000000005,498.29999999999995
-25.57877778,29.12747222,07-02-2012,315.30000000000007,352.90000000000003,546.2
-27.4,26.624722,07-02-2012,227.7,245.7,441.20000000000005
-25.81048333,27.90955222,08-02-2012,283.90000000000003,313.1,504.0
-27.937778,31.209444,08-02-2012,472.30000000000007,628.4000000000001,862.8000000000001
-30.398056,30.601944,08-02-2012,383.3,514.7,927.5000000000001
-30.27402,30.69602,08-02-2012,381.5,503.0,900.1000000000001
-27.00222,28.76528,08-02-2012,332.5,380.40000000000003,577.2
-27.02314,28.59389,08-02-2012,336.20000000000005,383.6,580.6
-26.648056,27.089444,08-02-2012,242.4,269.6,453.00000000000006
-26.970278,27.211111,08-02-2012,250.10000000000002,277.0,458.80000000000007
-26.880278,26.965,08-02-2012,237.20000000000002,261.20000000000005,444.30000000000007
-27.273889,28.49,08-02-2012,359.80000000000007,408.6,614.5
-27.4275,28.525833,08-02-2012,349.70000000000005,397.8,602.0
-27.3,28.586944,08-02-2012,355.4,404.5,607.5
-27.044444,27.005,08-02-2012,238.8,262.5,448.1
-29.028629,24.638389,08-02-2012,151.70000000000002,165.90000000000003,379.30000000000007
-34.329722,18.990278,08-02-2012,102.3,423.70000000000005,696.6
-27.5275,30.858056,09-02-2012,516.8000000000001,649.4000000000001,911.7000000000002
-30.13573889,30.67422222,09-02-2012,377.20000000000005,481.3,855.3
-29.803611,30.516111,10-02-2012,379.70000000000005,435.80000000000007,760.0999999999999
-28.44555556,32.325,12-02-2012,544.8,857.0999999999999,1320.0
-29.161667,30.629722,12-02-2012,452.1,569.5,887.0
-26.73806,27.59194,13-02-2012,271.2,304.4,484.8
-31.396,29.2651,13-02-2012,321.90000000000003,452.4,876.3
-31.554722,29.245556,13-02-2012,338.5,490.6,941.9000000000001
-25.127778,27.628889,14-02-2012,241.20000000000002,260.6,427.1
-25.20639,27.558,14-02-2012,241.7,260.9,429.3
-27.169444,29.233889,14-02-2012,329.3,384.3,575.9
-30.568333,29.422778,14-02-2012,289.20000000000005,345.6,683.9
-30.570833,29.150556,14-02-2012,288.20000000000005,340.90000000000003,669.2
-31.104278,29.399722,14-02-2012,309.0,406.30000000000007,805.3
-32.595833,19.009444,14-02-2012,39.1,170.70000000000005,299.7
-28.141944,26.417778,15-02-2012,207.3,224.3,415.1
-28.1175,26.719444,15-02-2012,214.70000000000002,232.10000000000002,423.5000000000001
-31.031389,28.883333,15-02-2012,275.7,346.0,708.9000000000001
-30.86013889,29.07125,15-02-2012,275.1,339.5,687.3000000000001
-30.77586667,29.03221667,15-02-2012,275.70000000000005,335.90000000000003,676.1999999999999
-24.69514,27.40906,16-02-2012,229.1,244.7,420.1
-27.398611,26.614722,16-02-2012,227.7,245.7,441.20000000000005
-27.671111,27.236944,16-02-2012,237.70000000000002,260.40000000000003,447.10000000000014
-28.376944,24.303056,16-02-2012,158.2,170.10000000000002,392.6
-29.615556,27.065278,16-02-2012,248.5,274.70000000000005,540.5
-27.356667,27.286389,16-02-2012,243.8,269.0,452.4
-27.4,26.624722,16-02-2012,227.7,245.7,441.20000000000005
-22.43772222,31.07805556,17-02-2012,171.00000000000003,194.60000000000002,348.90000000000003
-27.902778,24.615556,17-02-2012,164.0,175.20000000000002,387.30000000000007
-34.250556,20.9925,17-02-2012,86.6,236.9,419.2
-28.760833,17.730278,19-02-2012,15.9,30.4,68.60000000000001
-27.01011111,26.69808333,20-02-2012,223.7,243.6,432.59999999999997
-26.45,28.085833,20-02-2012,295.1,334.4,526.2
-26.98472222,26.63227778,20-02-2012,222.20000000000002,242.00000000000003,433.6
-33.501667,21.624167,20-02-2012,70.10000000000001,150.50000000000003,287.5
-33.31388889,19.07472222,20-02-2012,55.900000000000006,274.5,464.5
-24.679167,30.8025,21-02-2012,448.1,515.0,851.5
-30.830556,26.921389,21-02-2012,195.10000000000002,239.70000000000002,534.9
-24.670833,28.560833,21-02-2012,294.8,314.9,474.5
-28.735556,29.820556,21-02-2012,355.30000000000007,423.4,665.7
-26.648056,27.089444,21-02-2012,242.4,269.6,453.00000000000006
-26.970278,27.211111,21-02-2012,250.10000000000002,277.0,458.80000000000007
-26.880278,26.965,21-02-2012,237.20000000000002,261.20000000000005,444.30000000000007
-27.044444,27.005,21-02-2012,238.8,262.5,448.1
-25.45963889,28.26430556,21-02-2012,284.3,315.70000000000005,498.29999999999995
-28.068333,31.55,21-02-2012,475.1,672.5,954.0
-29.161667,23.696389,22-02-2012,126.30000000000001,137.20000000000002,344.30000000000007
-29.641944,30.6875,22-02-2012,385.5,454.9,770.4
-27.38972222,26.46388889,22-02-2012,218.10000000000002,234.70000000000002,432.80000000000007
-30.679722,26.7125,22-02-2012,189.3,228.10000000000002,510.9000000000001
-29.1825,23.575556,22-02-2012,120.2,133.4,337.4
-28.7115,24.07288889,23-02-2012,146.5,158.10000000000002,378.9
-27.602222,29.942778,23-02-2012,402.90000000000003,486.20000000000005,719.8
-28.75,30.442778,23-02-2012,353.70000000000005,438.3,650.3000000000001
-29.380556,30.2775,23-02-2012,394.8,474.70000000000005,760.2
-27.398611,26.614722,23-02-2012,227.7,245.7,441.20000000000005
-29.758889,30.935278,24-02-2012,435.70000000000005,572.8000000000001,942.2000000000002
-27.573056,24.746389,24-02-2012,168.8,178.10000000000002,391.1
-34.031944,22.053333,24-02-2012,94.2,226.8,411.90000000000003
-34.039722,22.133333,24-02-2012,98.90000000000002,236.20000000000005,427.09999999999997
-30.398056,30.601944,25-02-2012,383.3,514.7,927.5000000000001
-30.27402,30.69602,25-02-2012,381.5,503.0,900.1000000000001
-27.169444,29.233889,27-02-2012,329.3,384.3,575.9
-26.861111,28.884722,27-02-2012,317.8,363.8,558.6
-26.73806,27.59194,27-02-2012,271.2,304.4,484.8
-25.127778,27.628889,28-02-2012,241.20000000000002,260.6,427.1
-25.20639,27.558,28-02-2012,241.7,260.9,429.3
-24.69514,27.40906,28-02-2012,229.1,244.7,420.1
-27.00222,28.76528,28-02-2012,332.5,380.40000000000003,577.2
-33.818056,19.694722,28-02-2012,61.8,273.1,463.0999999999999
-29.161667,23.696389,29-02-2012,126.30000000000001,137.20000000000002,344.30000000000007
-22.769722,30.886944,29-02-2012,217.7,244.7,454.09999999999997
-23.281,30.54305556,29-02-2012,231.3,264.1,519.9
-26.905,32.324722,29-02-2012,294.6,433.40000000000003,650.8000000000001
-28.69485,28.23487,29-02-2012,299.0,332.1,570.5
-28.883333,27.89,29-02-2012,294.1,324.0,570.2
-34.075556,20.145556,29-02-2012,60.300000000000004,217.4,385.2000000000001
-24.925278,29.324444,01-03-2012,268.1,294.5,452.4000000000001
-27.573056,24.746389,01-03-2012,168.8,178.10000000000002,391.1
-30.160091,27.40124,01-03-2012,256.9,289.4,585.1
-30.336111,27.359444,01-03-2012,252.8,290.7,597.4000000000001
-29.615556,27.065278,01-03-2012,248.5,274.70000000000005,540.5
-30.830556,26.921389,02-03-2012,195.10000000000002,239.70000000000002,534.9
-23.658056,31.05,02-03-2012,196.3,225.50000000000003,392.50000000000006
-27.902778,24.615556,02-03-2012,164.0,175.20000000000002,387.30000000000007
-29.658056,25.973333,02-03-2012,161.9,180.7,380.90000000000003
-29.028629,24.638389,02-03-2012,151.70000000000002,165.90000000000003,379.30000000000007
-31.000833,26.353056,02-03-2012,142.4,186.1,467.5
-30.679722,26.7125,02-03-2012,189.3,228.10000000000002,510.9000000000001
-28.760833,17.730278,04-03-2012,15.9,30.4,68.60000000000001
-25.99136,27.84208,05-03-2012,293.20000000000005,327.70000000000005,529.0
-24.058889,31.237222,05-03-2012,223.10000000000002,261.90000000000003,443.20000000000005
-29.987778,29.851667,05-03-2012,359.9,415.5,757.3000000000001
-29.744167,29.905833,05-03-2012,365.30000000000007,414.9000000000001,732.8000000000001
-26.861111,28.884722,05-03-2012,317.8,363.8,558.6
-26.45,28.085833,05-03-2012,295.1,334.4,526.2
-28.768056,20.720556,05-03-2012,52.7,69.2,207.50000000000003
-30.733889,29.828333,06-03-2012,335.70000000000005,416.50000000000006,793.0
-29.380556,30.2775,06-03-2012,394.8,474.70000000000005,760.2
-27.398611,26.614722,06-03-2012,227.7,245.7,441.20000000000005
-27.671111,27.236944,06-03-2012,237.70000000000002,260.40000000000003,447.10000000000014
-29.042222,24.6,06-03-2012,149.20000000000002,163.2,375.1
-30.336111,27.359444,06-03-2012,252.8,290.7,597.4000000000001
-27.4,26.624722,06-03-2012,227.7,245.7,441.20000000000005
-29.161667,23.696389,07-03-2012,126.30000000000001,137.20000000000002,344.30000000000007
-24.925278,29.324444,18-10-2011,221.8,304.9,558.6000000000001
-28.7115,24.07288889,07-03-2012,146.5,158.10000000000002,378.9
-25.81048333,27.90955222,07-03-2012,283.90000000000003,313.1,504.0
-27.937778,31.209444,07-03-2012,472.30000000000007,628.4000000000001,862.8000000000001
-28.404444,30.013056,07-03-2012,380.40000000000003,470.5,712.8000000000002
-30.398056,30.601944,07-03-2012,383.3,514.7,927.5000000000001
-24.925278,29.324444,07-06-2012,268.1,294.5,452.4000000000001
-24.925278,29.324444,09-08-2012,301.2,398.2,498.6000000000001
-24.925278,29.324444,05-10-2012,301.2,398.2,498.6000000000001
-30.27402,30.69602,07-03-2012,381.5,503.0,900.1000000000001
-27.02314,28.59389,07-03-2012,336.20000000000005,383.6,580.6
-27.273889,28.49,07-03-2012,359.80000000000007,408.6,614.5
-24.925278,29.324444,02-07-2013,306.90000000000003,309.70000000000005,556.4000000000001
-24.925278,29.324444,22-08-2013,340.1,375.0,518.4
-24.925278,29.324444,16-09-2013,340.1,375.0,518.4
-27.4275,28.525833,07-03-2012,349.70000000000005,397.8,602.0
-24.925278,29.324444,20-01-2014,277.3,278.7,574.5000000000001
-27.3,28.586944,07-03-2012,355.4,404.5,607.5
-29.1825,23.575556,07-03-2012,120.2,133.4,337.4
-24.925278,29.324444,10-06-2014,277.3,278.7,574.5000000000001
-24.925278,29.324444,18-07-2014,302.3,319.0,549.1
-34.329722,18.990278,07-03-2012,102.3,423.70000000000005,696.6
-24.925278,29.324444,05-09-2014,302.3,319.0,549.1
-28.058889,30.373611,07-03-2012,426.70000000000005,542.8000000000001,790.4000000000001
-27.5275,30.858056,08-03-2012,516.8000000000001,649.4000000000001,911.7000000000002
-27.38972222,26.46388889,08-03-2012,218.10000000000002,234.70000000000002,432.80000000000007
-27.398611,26.614722,08-03-2012,227.7,245.7,441.20000000000005
-30.679722,26.7125,08-03-2012,189.3,228.10000000000002,510.9000000000001
-29.803611,30.516111,09-03-2012,379.70000000000005,435.80000000000007,760.0999999999999
-27.01011111,26.69808333,12-03-2012,223.7,243.6,432.59999999999997
-32.595833,19.009444,12-03-2012,39.1,170.70000000000005,299.7
-25.127778,27.628889,13-03-2012,241.20000000000002,260.6,427.1
-25.20639,27.558,13-03-2012,241.7,260.9,429.3
-24.69514,27.40906,13-03-2012,229.1,244.7,420.1
-28.747778,31.745833,13-03-2012,513.2,766.9000000000001,1184.4
-27.169444,29.233889,13-03-2012,329.3,384.3,575.9
-27.00222,28.76528,13-03-2012,332.5,380.40000000000003,577.2
-26.648056,27.089444,13-03-2012,242.4,269.6,453.00000000000006
-26.970278,27.211111,13-03-2012,250.10000000000002,277.0,458.80000000000007
-26.880278,26.965,13-03-2012,237.20000000000002,261.20000000000005,444.30000000000007
-26.98472222,26.63227778,13-03-2012,222.20000000000002,242.00000000000003,433.6
-31.104278,29.399722,13-03-2012,309.0,406.30000000000007,805.3
-31.396,29.2651,13-03-2012,321.90000000000003,452.4,876.3
-33.501667,21.624167,13-03-2012,70.10000000000001,150.50000000000003,287.5
-29.161667,23.696389,14-03-2012,126.30000000000001,137.20000000000002,344.30000000000007
-28.801278,31.955389,14-03-2012,498.4000000000001,775.9,1187.4000000000003
-28.141944,26.417778,14-03-2012,207.3,224.3,415.1
-28.1175,26.719444,14-03-2012,214.70000000000002,232.10000000000002,423.5000000000001
-29.033333,23.983333,14-03-2012,141.1,154.1,368.79999999999995
-29.161667,30.629722,15-03-2012,452.1,569.5,887.0
-27.398611,26.614722,15-03-2012,227.7,245.7,441.20000000000005
-27.671111,27.236944,15-03-2012,237.70000000000002,260.40000000000003,447.10000000000014
-27.902778,24.615556,15-03-2012,164.0,175.20000000000002,387.30000000000007
-27.573056,24.746389,16-03-2012,168.8,178.10000000000002,391.1
-31.031389,28.883333,16-03-2012,275.7,346.0,708.9000000000001
-30.86013889,29.07125,16-03-2012,275.1,339.5,687.3000000000001
-30.77586667,29.03221667,16-03-2012,275.70000000000005,335.90000000000003,676.1999999999999
-28.760833,17.730278,17-03-2012,15.9,30.4,68.60000000000001
-28.96362,19.15486,17-03-2012,9.6,27.1,89.6
-27.01011111,26.69808333,19-03-2012,223.7,243.6,432.59999999999997
-26.861111,28.884722,19-03-2012,317.8,363.8,558.6
-24.679167,30.8025,20-03-2012,448.1,515.0,851.5
-26.970278,27.211111,20-03-2012,250.10000000000002,277.0,458.80000000000007
-33.38056,19.30167,20-03-2012,57.4,267.3,450.6
-33.31388889,19.07472222,20-03-2012,55.900000000000006,274.5,464.5
-28.068333,31.55,20-03-2012,475.1,672.5,954.0
-29.161667,23.696389,21-03-2012,126.30000000000001,137.20000000000002,344.30000000000007
-24.183889,30.823889,21-03-2012,244.8,275.20000000000005,463.70000000000005
-28.44555556,32.325,21-03-2012,544.8,857.0999999999999,1320.0
-27.602222,29.942778,21-03-2012,402.90000000000003,486.20000000000005,719.8
-33.13083,18.86278,21-03-2012,46.5,230.7,400.0
-30.398056,30.601944,23-03-2012,383.3,514.7,927.5000000000001
-30.27402,30.69602,23-03-2012,381.5,503.0,900.1000000000001
-29.641944,30.6875,26-03-2012,385.5,454.9,770.4
-25.99136,27.84208,26-03-2012,293.20000000000005,327.70000000000005,529.0
-29.987778,29.851667,26-03-2012,359.9,415.5,757.3000000000001
-29.758889,30.935278,26-03-2012,435.70000000000005,572.8000000000001,942.2000000000002
-26.98472222,26.63227778,26-03-2012,222.20000000000002,242.00000000000003,433.6
-33.818056,19.694722,26-03-2012,61.8,273.1,463.0999999999999
-25.127778,27.628889,27-03-2012,241.20000000000002,260.6,427.1
-25.20639,27.558,27-03-2012,241.7,260.9,429.3
-24.69514,27.40906,27-03-2012,229.1,244.7,420.1
-27.363611,31.783333,27-03-2012,354.1,493.80000000000007,697.5
-26.648056,27.089444,27-03-2012,242.4,269.6,453.00000000000006
-26.880278,26.965,27-03-2012,237.20000000000002,261.20000000000005,444.30000000000007
-27.573056,24.746389,27-03-2012,168.8,178.10000000000002,391.1
-28.768056,20.720556,27-03-2012,52.7,69.2,207.50000000000003
-34.031944,22.053333,27-03-2012,94.2,226.8,411.90000000000003
-34.039722,22.133333,27-03-2012,98.90000000000002,236.20000000000005,427.09999999999997
-34.075556,20.145556,27-03-2012,60.300000000000004,217.4,385.2000000000001
-25.45963889,28.26430556,27-03-2012,284.3,315.70000000000005,498.29999999999995
-25.81048333,27.90955222,28-03-2012,283.90000000000003,313.1,504.0
-29.380556,30.2775,28-03-2012,394.8,474.70000000000005,760.2
-30.398056,30.601944,28-03-2012,383.3,514.7,927.5000000000001
-30.27402,30.69602,28-03-2012,381.5,503.0,900.1000000000001
-26.73806,27.59194,28-03-2012,271.2,304.4,484.8
-26.45,28.085833,28-03-2012,295.1,334.4,526.2
-30.679722,26.7125,28-03-2012,189.3,228.10000000000002,510.9000000000001
-28.69485,28.23487,28-03-2012,299.0,332.1,570.5
-29.615556,27.065278,28-03-2012,248.5,274.70000000000005,540.5
-28.883333,27.89,28-03-2012,294.1,324.0,570.2
-34.02861,22.22222,28-03-2012,113.00000000000001,259.8,458.90000000000003
-25.447222,30.711667,28-03-2012,411.1,487.6,740.1
-27.273889,28.49,29-03-2012,359.80000000000007,408.6,614.5
-27.3,28.586944,29-03-2012,355.4,404.5,607.5
-28.376944,24.303056,29-03-2012,158.2,170.10000000000002,392.6
-30.160091,27.40124,29-03-2012,256.9,289.4,585.1
-30.336111,27.359444,29-03-2012,252.8,290.7,597.4000000000001
-27.4275,28.525833,30-03-2012,349.70000000000005,397.8,602.0
-27.902778,24.615556,30-03-2012,164.0,175.20000000000002,387.30000000000007
-31.000833,26.353056,30-03-2012,142.4,186.1,467.5
-30.679722,26.7125,30-03-2012,189.3,228.10000000000002,510.9000000000001
-28.760833,17.730278,01-04-2012,15.9,30.4,68.60000000000001
-25.99136,27.84208,02-04-2012,293.20000000000005,327.70000000000005,529.0
-28.735556,29.820556,02-04-2012,355.30000000000007,423.4,665.7
-29.380556,30.2775,02-04-2012,394.8,474.70000000000005,760.2
-30.398056,30.601944,02-04-2012,383.3,514.7,927.5000000000001
-33.897778,20.012778,02-04-2012,56.1,213.70000000000002,375.70000000000005
-34.065833,20.404167,03-04-2012,60.30000000000001,202.20000000000002,363.20000000000005
-23.658056,31.05,03-04-2012,196.3,225.50000000000003,392.50000000000006
-27.398611,26.614722,03-04-2012,227.7,245.7,441.20000000000005
-27.671111,27.236944,03-04-2012,237.70000000000002,260.40000000000003,447.10000000000014
-25.45963889,28.26430556,03-04-2012,284.3,315.70000000000005,498.29999999999995
-27.4,26.624722,03-04-2012,227.7,245.7,441.20000000000005
-29.161667,23.696389,04-04-2012,126.30000000000001,137.20000000000002,344.30000000000007
-25.81048333,27.90955222,04-04-2012,283.90000000000003,313.1,504.0
-27.937778,31.209444,04-04-2012,472.30000000000007,628.4000000000001,862.8000000000001
-28.404444,30.013056,04-04-2012,380.40000000000003,470.5,712.8000000000002
-27.02314,28.59389,04-04-2012,336.20000000000005,383.6,580.6
-26.880278,26.965,04-04-2012,237.20000000000002,261.20000000000005,444.30000000000007
-27.273889,28.49,04-04-2012,359.80000000000007,408.6,614.5
-27.4275,28.525833,04-04-2012,349.70000000000005,397.8,602.0
-27.3,28.586944,04-04-2012,355.4,404.5,607.5
-29.615556,27.065278,04-04-2012,248.5,274.70000000000005,540.5
-25.57877778,29.12747222,04-04-2012,315.30000000000007,352.90000000000003,546.2
-27.5275,30.858056,05-04-2012,516.8000000000001,649.4000000000001,911.7000000000002
-27.01011111,26.69808333,10-04-2012,223.7,243.6,432.59999999999997
-25.127778,27.628889,10-04-2012,241.20000000000002,260.6,427.1
-25.20639,27.558,10-04-2012,241.7,260.9,429.3
-24.69514,27.40906,10-04-2012,229.1,244.7,420.1
-26.861111,28.884722,10-04-2012,317.8,363.8,558.6
-26.73806,27.59194,10-04-2012,271.2,304.4,484.8
-26.98472222,26.63227778,10-04-2012,222.20000000000002,242.00000000000003,433.6
-29.161667,23.696389,11-04-2012,126.30000000000001,137.20000000000002,344.30000000000007
-26.03611,30.99778,11-04-2012,549.0,676.5,1012.4
-28.747778,31.745833,11-04-2012,513.2,766.9000000000001,1184.4
-27.00222,28.76528,11-04-2012,332.5,380.40000000000003,577.2
-26.648056,27.089444,11-04-2012,242.4,269.6,453.00000000000006
-26.970278,27.211111,11-04-2012,250.10000000000002,277.0,458.80000000000007
-28.141944,26.417778,11-04-2012,207.3,224.3,415.1
-28.116667,26.725278,11-04-2012,214.70000000000002,232.10000000000002,423.5000000000001
-29.615556,27.065278,11-04-2012,248.5,274.70000000000005,540.5
-34.250556,20.9925,11-04-2012,86.6,236.9,419.2
-28.7115,24.07288889,12-04-2012,146.5,158.10000000000002,378.9
-28.801278,31.955389,12-04-2012,498.4000000000001,775.9,1187.4000000000003
-28.75,30.442778,12-04-2012,353.70000000000005,438.3,650.3000000000001
-29.161667,30.629722,12-04-2012,452.1,569.5,887.0
-27.38972222,26.46388889,12-04-2012,218.10000000000002,234.70000000000002,432.80000000000007
-28.1175,26.719444,12-04-2012,214.70000000000002,232.10000000000002,423.5000000000001
-28.116667,26.725278,12-04-2012,214.70000000000002,232.10000000000002,423.5000000000001
-27.398611,26.614722,12-04-2012,227.7,245.7,441.20000000000005
-27.671111,27.236944,12-04-2012,237.70000000000002,260.40000000000003,447.10000000000014
-28.376944,24.303056,12-04-2012,158.2,170.10000000000002,392.6
-29.615556,27.065278,12-04-2012,248.5,274.70000000000005,540.5
-33.31388889,19.07472222,12-04-2012,55.900000000000006,274.5,464.5
-25.49037,30.6986,13-04-2012,420.9000000000001,499.80000000000007,756.4000000000001
-27.573056,24.746389,13-04-2012,168.8,178.10000000000002,391.1
-27.902778,24.615556,13-04-2012,164.0,175.20000000000002,387.30000000000007
-33.7075,18.97444444,13-04-2012,68.80000000000001,361.50000000000006,610.6000000000001
-28.760833,17.730278,15-04-2012,15.9,30.4,68.60000000000001
-25.99136,27.84208,16-04-2012,293.20000000000005,327.70000000000005,529.0
-22.935,28.004167,17-04-2012,133.1,137.5,266.6
-22.91028,29.61111,17-04-2012,193.4,202.8,368.30000000000007
-24.058889,31.237222,17-04-2012,223.10000000000002,261.90000000000003,443.20000000000005
-25.681111,31.783333,17-04-2012,325.8,399.5,615.5
-25.67386,31.57527,17-04-2012,363.9,443.4000000000001,663.8000000000001
-28.735556,29.820556,17-04-2012,355.30000000000007,423.4,665.7
-26.861111,28.884722,17-04-2012,317.8,363.8,558.6
-26.45,28.085833,17-04-2012,295.1,334.4,526.2
-28.69485,28.23487,17-04-2012,299.0,332.1,570.5
-28.883333,27.89,17-04-2012,294.1,324.0,570.2
-31.396,29.2651,17-04-2012,321.90000000000003,452.4,876.3
-31.554722,29.245556,17-04-2012,338.5,490.6,941.9000000000001
-25.45963889,28.26430556,17-04-2012,284.3,315.70000000000005,498.29999999999995
-28.338333,31.373611,17-04-2012,528.2,725.2000000000002,1019.9000000000001
-29.161667,23.696389,18-04-2012,126.30000000000001,137.20000000000002,344.30000000000007
-27.01011111,26.69808333,18-04-2012,223.7,243.6,432.59999999999997
-25.81048333,27.90955222,18-04-2012,283.90000000000003,313.1,504.0
-24.282222,28.090278,18-04-2012,243.3,258.4,458.5
-24.768889,31.39,18-04-2012,295.90000000000003,356.90000000000003,589.0000000000001
-24.9675,31.516667,18-04-2012,285.2,348.20000000000005,559.8
-27.00222,28.76528,18-04-2012,332.5,380.40000000000003,577.2
-26.648056,27.089444,18-04-2012,242.4,269.6,453.00000000000006
-26.970278,27.211111,18-04-2012,250.10000000000002,277.0,458.80000000000007
-26.880278,26.965,18-04-2012,237.20000000000002,261.20000000000005,444.30000000000007
-27.38972222,26.46388889,18-04-2012,218.10000000000002,234.70000000000002,432.80000000000007
-26.98472222,26.63227778,18-04-2012,222.20000000000002,242.00000000000003,433.6
-30.568333,29.422778,18-04-2012,289.20000000000005,345.6,683.9
-30.570833,29.150556,18-04-2012,288.20000000000005,340.90000000000003,669.2
-27.602222,29.942778,19-04-2012,402.90000000000003,486.20000000000005,719.8
-27.671111,27.236944,19-04-2012,237.70000000000002,260.40000000000003,447.10000000000014
-31.031389,28.883333,19-04-2012,275.7,346.0,708.9000000000001
-30.86013889,29.07125,19-04-2012,275.1,339.5,687.3000000000001
-33.13083,18.86278,19-04-2012,46.5,230.7,400.0
-29.140556,31.391944,20-04-2012,540.1,797.6,1204.2
-27.573056,24.746389,22-04-2012,168.8,178.10000000000002,391.1
-29.7775,29.470833,23-04-2012,396.6,441.2,832.1000000000001
-29.987778,29.851667,23-04-2012,359.9,415.5,757.3000000000001
-29.744167,29.905833,23-04-2012,365.30000000000007,414.9000000000001,732.8000000000001
-26.73806,27.59194,23-04-2012,271.2,304.4,484.8
-29.160278,26.573333,23-04-2012,215.10000000000002,235.60000000000002,452.80000000000007
-29.1825,23.575556,23-04-2012,120.2,133.4,337.4
-33.501667,21.624167,23-04-2012,70.10000000000001,150.50000000000003,287.5
-33.818056,19.694722,23-04-2012,61.8,273.1,463.0999999999999
-28.7115,24.07288889,24-04-2012,146.5,158.10000000000002,378.9
-24.679167,30.8025,24-04-2012,448.1,515.0,851.5
-25.127778,27.628889,24-04-2012,241.20000000000002,260.6,427.1
-25.20639,27.558,24-04-2012,241.7,260.9,429.3
-24.69514,27.40906,24-04-2012,229.1,244.7,420.1
-27.363611,31.783333,24-04-2012,354.1,493.80000000000007,697.5
-30.733889,29.828333,24-04-2012,335.70000000000005,416.50000000000006,793.0
-26.880278,26.965,24-04-2012,237.20000000000002,261.20000000000005,444.30000000000007
-29.615556,27.065278,24-04-2012,248.5,274.70000000000005,540.5
-28.883333,27.89,24-04-2012,294.1,324.0,570.2
-29.161667,23.696389,25-04-2012,126.30000000000001,137.20000000000002,344.30000000000007
-24.183889,30.823889,25-04-2012,244.8,275.20000000000005,463.70000000000005
-22.769722,30.886944,25-04-2012,217.7,244.7,454.09999999999997
-27.937778,31.209444,25-04-2012,472.30000000000007,628.4000000000001,862.8000000000001
-26.905,32.324722,25-04-2012,294.6,433.40000000000003,650.8000000000001
-27.935,26.126667,25-04-2012,187.20000000000002,202.60000000000002,387.1
-34.075556,20.145556,25-04-2012,60.300000000000004,217.4,385.2000000000001
-30.398056,30.601944,26-04-2012,383.3,514.7,927.5000000000001
-30.27402,30.69602,26-04-2012,381.5,503.0,900.1000000000001
-30.679722,26.7125,26-04-2012,189.3,228.10000000000002,510.9000000000001
-30.160091,27.40124,26-04-2012,256.9,289.4,585.1
-34.005833,22.351111,26-04-2012,139.3,301.4,521.8
-29.803611,30.516111,27-04-2012,379.70000000000005,435.80000000000007,760.0999999999999
-29.758889,30.935278,28-04-2012,435.70000000000005,572.8000000000001,942.2000000000002
-28.760833,17.730278,29-04-2012,15.9,30.4,68.60000000000001
-25.99136,27.84208,30-04-2012,293.20000000000005,327.70000000000005,529.0
-29.380556,30.2775,30-04-2012,394.8,474.70000000000005,760.2
-34.065833,20.404167,01-05-2012,60.30000000000001,202.20000000000002,363.20000000000005
-26.006389,29.253889,01-05-2012,349.5,397.70000000000005,601.2
-25.45963889,28.26430556,01-05-2012,284.3,315.70000000000005,498.29999999999995
-33.897778,20.012778,01-05-2012,56.1,213.70000000000002,375.70000000000005
-29.161667,23.696389,02-05-2012,126.30000000000001,137.20000000000002,344.30000000000007
-25.81048333,27.90955222,02-05-2012,283.90000000000003,313.1,504.0
-26.861111,28.884722,02-05-2012,317.8,363.8,558.6
-29.033333,23.983333,02-05-2012,141.1,154.1,368.79999999999995
-28.058889,30.373611,02-05-2012,426.70000000000005,542.8000000000001,790.4000000000001
-24.925278,29.324444,03-05-2012,268.1,294.5,452.4000000000001
-27.00222,28.76528,03-05-2012,332.5,380.40000000000003,577.2
-27.398611,26.614722,03-05-2012,227.7,245.7,441.20000000000005
-27.671111,27.236944,03-05-2012,237.70000000000002,260.40000000000003,447.10000000000014
-27.4,26.624722,03-05-2012,227.7,245.7,441.20000000000005
-26.648056,27.089444,04-05-2012,242.4,269.6,453.00000000000006
-26.970278,27.211111,04-05-2012,250.10000000000002,277.0,458.80000000000007
-26.880278,26.965,04-05-2012,237.20000000000002,261.20000000000005,444.30000000000007
-27.01011111,26.69808333,07-05-2012,223.7,243.6,432.59999999999997
-26.73806,27.59194,07-05-2012,271.2,304.4,484.8
-26.45,28.085833,07-05-2012,295.1,334.4,526.2
-26.98472222,26.63227778,07-05-2012,222.20000000000002,242.00000000000003,433.6
-32.502778,19.535833,07-05-2012,29.0,121.4,231.80000000000007
-29.161667,23.696389,08-05-2012,126.30000000000001,137.20000000000002,344.30000000000007
-25.127778,27.628889,08-05-2012,241.20000000000002,260.6,427.1
-25.20639,27.558,08-05-2012,241.7,260.9,429.3
-24.69514,27.40906,08-05-2012,229.1,244.7,420.1
-28.747778,31.745833,08-05-2012,513.2,766.9000000000001,1184.4
-27.169444,29.233889,08-05-2012,329.3,384.3,575.9
-26.648056,27.089444,08-05-2012,242.4,269.6,453.00000000000006
-26.970278,27.211111,08-05-2012,250.10000000000002,277.0,458.80000000000007
-26.880278,26.965,08-05-2012,237.20000000000002,261.20000000000005,444.30000000000007
-28.141944,26.417778,08-05-2012,207.3,224.3,415.1
-28.116667,26.725278,08-05-2012,214.70000000000002,232.10000000000002,423.5000000000001
-29.042222,24.6,08-05-2012,149.20000000000002,163.2,375.1
-28.460833,21.248889,08-05-2012,71.0,87.2,267.70000000000005
-31.396,29.2651,08-05-2012,321.90000000000003,452.4,876.3
-25.57877778,29.12747222,08-05-2012,315.30000000000007,352.90000000000003,546.2
-29.161667,23.696389,09-05-2012,126.30000000000001,137.20000000000002,344.30000000000007
-25.49037,30.6986,09-05-2012,420.9000000000001,499.80000000000007,756.4000000000001
-28.801278,31.955389,09-05-2012,498.4000000000001,775.9,1187.4000000000003
-27.273889,28.49,09-05-2012,359.80000000000007,408.6,614.5
-27.4275,28.525833,09-05-2012,349.70000000000005,397.8,602.0
-27.3,28.586944,09-05-2012,355.4,404.5,607.5
-27.398611,26.614722,09-05-2012,227.7,245.7,441.20000000000005
-29.028629,24.638389,09-05-2012,151.70000000000002,165.90000000000003,379.30000000000007
-29.1825,23.575556,09-05-2012,120.2,133.4,337.4
-30.570833,29.150556,09-05-2012,288.20000000000005,340.90000000000003,669.2
-31.104278,29.399722,09-05-2012,309.0,406.30000000000007,805.3
-33.31388889,19.07472222,09-05-2012,55.900000000000006,274.5,464.5
-28.7115,24.07288889,10-05-2012,146.5,158.10000000000002,378.9
-29.140556,31.391944,10-05-2012,540.1,797.6,1204.2
-28.75,30.442778,10-05-2012,353.70000000000005,438.3,650.3000000000001
-29.161667,30.629722,10-05-2012,452.1,569.5,887.0
-27.38972222,26.46388889,10-05-2012,218.10000000000002,234.70000000000002,432.80000000000007
-27.935,26.126667,10-05-2012,187.20000000000002,202.60000000000002,387.1
-27.671111,27.236944,10-05-2012,237.70000000000002,260.40000000000003,447.10000000000014
-28.376944,24.303056,10-05-2012,158.2,170.10000000000002,392.6
-31.031389,28.883333,10-05-2012,275.7,346.0,708.9000000000001
-30.86013889,29.07125,10-05-2012,275.1,339.5,687.3000000000001
-30.77586667,29.03221667,10-05-2012,275.70000000000005,335.90000000000003,676.1999999999999
-33.7075,18.97444444,10-05-2012,68.80000000000001,361.50000000000006,610.6000000000001
-33.72266667,18.61691667,10-05-2012,50.50000000000001,297.20000000000005,513.9
-27.902778,24.615556,11-05-2012,164.0,175.20000000000002,387.30000000000007
-28.44555556,32.325,19-04-2012,544.8,857.0999999999999,1320.0
-31.554722,29.245556,12-05-2012,338.5,490.6,941.9000000000001
-28.760833,17.730278,13-05-2012,15.9,30.4,68.60000000000001
-25.99136,27.84208,14-05-2012,293.20000000000005,327.70000000000005,529.0
-26.861111,28.884722,14-05-2012,317.8,363.8,558.6
-26.45,28.085833,14-05-2012,295.1,334.4,526.2
-25.681111,31.783333,15-05-2012,325.8,399.5,615.5
-25.398889,31.610556,15-05-2012,322.0,391.70000000000005,602.7
-27.00222,28.76528,15-05-2012,332.5,380.40000000000003,577.2
-26.648056,27.089444,15-05-2012,242.4,269.6,453.00000000000006
-33.38056,19.30167,15-05-2012,57.4,267.3,450.6
-25.45963889,28.26430556,15-05-2012,284.3,315.70000000000005,498.29999999999995
-28.068333,31.55,15-05-2012,475.1,672.5,954.0
-25.81048333,27.90955222,16-05-2012,283.90000000000003,313.1,504.0
-24.768889,31.39,16-05-2012,295.90000000000003,356.90000000000003,589.0000000000001
-29.033333,23.983333,16-05-2012,141.1,154.1,368.79999999999995
-34.092222,21.295278,16-05-2012,98.10000000000001,236.1,416.20000000000005
-33.13083,18.86278,16-05-2012,46.5,230.7,400.0
-24.99328,30.81444,17-05-2012,474.0,554.4,869.4
-33.970833,22.548333,17-05-2012,166.50000000000003,343.8,586.1
-25.436111,31.982222,18-05-2012,302.40000000000003,373.90000000000003,603.3
-25.14944444,31.94055556,18-05-2012,278.40000000000003,349.70000000000005,569.4000000000001
-29.7775,29.470833,21-05-2012,396.6,441.2,832.1000000000001
-29.987778,29.851667,21-05-2012,359.9,415.5,757.3000000000001
-29.744167,29.905833,21-05-2012,365.30000000000007,414.9000000000001,732.8000000000001
-30.27402,30.69602,21-05-2012,381.5,503.0,900.1000000000001
-26.73806,27.59194,21-05-2012,271.2,304.4,484.8
-33.818056,19.694722,21-05-2012,61.8,273.1,463.0999999999999
-27.01011111,26.69808333,22-05-2012,223.7,243.6,432.59999999999997
-34.065833,20.404167,22-05-2012,60.30000000000001,202.20000000000002,363.20000000000005
-24.679167,30.8025,22-05-2012,448.1,515.0,851.5
-24.183889,30.823889,22-05-2012,244.8,275.20000000000005,463.70000000000005
-25.127778,27.628889,22-05-2012,241.20000000000002,260.6,427.1
-25.20639,27.558,22-05-2012,241.7,260.9,429.3
-24.69514,27.40906,22-05-2012,229.1,244.7,420.1
-27.363611,31.783333,22-05-2012,354.1,493.80000000000007,697.5
-30.733889,29.828333,22-05-2012,335.70000000000005,416.50000000000006,793.0
-27.169444,29.233889,22-05-2012,329.3,384.3,575.9
-26.880278,26.965,22-05-2012,237.20000000000002,261.20000000000005,444.30000000000007
-26.98472222,26.63227778,22-05-2012,222.20000000000002,242.00000000000003,433.6
-29.160278,26.573333,22-05-2012,215.10000000000002,235.60000000000002,452.80000000000007
-30.336111,27.359444,22-05-2012,252.8,290.7,597.4000000000001
-33.501667,21.624167,22-05-2012,70.10000000000001,150.50000000000003,287.5
-34.075556,20.145556,22-05-2012,60.300000000000004,217.4,385.2000000000001
-33.897778,20.012778,22-05-2012,56.1,213.70000000000002,375.70000000000005
-24.058889,31.237222,23-05-2012,223.10000000000002,261.90000000000003,443.20000000000005
-30.398056,30.601944,23-05-2012,383.3,514.7,927.5000000000001
-30.160091,27.40124,23-05-2012,256.9,289.4,585.1
-28.69485,28.23487,23-05-2012,299.0,332.1,570.5
-28.883333,27.89,23-05-2012,294.1,324.0,570.2
-34.005833,22.351111,23-05-2012,139.3,301.4,521.8
-29.641944,30.6875,24-05-2012,385.5,454.9,770.4
-30.830556,26.921389,24-05-2012,195.10000000000002,239.70000000000002,534.9
-29.380556,30.2775,24-05-2012,394.8,474.70000000000005,760.2
-30.679722,26.7125,24-05-2012,189.3,228.10000000000002,510.9000000000001
-29.615556,27.065278,24-05-2012,248.5,274.70000000000005,540.5
-34.031944,22.053333,24-05-2012,94.2,226.8,411.90000000000003
-34.039722,22.133333,24-05-2012,98.90000000000002,236.20000000000005,427.09999999999997
-30.398056,30.601944,25-05-2012,383.3,514.7,927.5000000000001
-30.27402,30.69602,25-05-2012,381.5,503.0,900.1000000000001
-29.658056,25.973333,25-05-2012,161.9,180.7,380.90000000000003
-31.000833,26.353056,25-05-2012,142.4,186.1,467.5
-28.460833,21.248889,25-05-2012,71.0,87.2,267.70000000000005
-29.803611,30.516111,25-05-2012,379.70000000000005,435.80000000000007,760.0999999999999
-29.758889,30.935278,26-05-2012,435.70000000000005,572.8000000000001,942.2000000000002
-28.760833,17.730278,27-05-2012,15.9,30.4,68.60000000000001
-25.99136,27.84208,28-05-2012,293.20000000000005,327.70000000000005,529.0
-26.861111,28.884722,28-05-2012,317.8,363.8,558.6
-26.970278,27.211111,28-05-2012,250.10000000000002,277.0,458.80000000000007
-26.45,28.085833,28-05-2012,295.1,334.4,526.2
-27.01011111,26.69808333,29-05-2012,223.7,243.6,432.59999999999997
-29.380556,30.2775,29-05-2012,394.8,474.70000000000005,760.2
-27.00222,28.76528,29-05-2012,332.5,380.40000000000003,577.2
-26.648056,27.089444,29-05-2012,242.4,269.6,453.00000000000006
-26.880278,26.965,29-05-2012,237.20000000000002,261.20000000000005,444.30000000000007
-26.98472222,26.63227778,29-05-2012,222.20000000000002,242.00000000000003,433.6
-31.000833,26.353056,29-05-2012,142.4,186.1,467.5
-25.45963889,28.26430556,29-05-2012,284.3,315.70000000000005,498.29999999999995
-29.161667,23.696389,30-05-2012,126.30000000000001,137.20000000000002,344.30000000000007
-24.282222,28.090278,30-05-2012,243.3,258.4,458.5
-27.937778,31.209444,30-05-2012,472.30000000000007,628.4000000000001,862.8000000000001
-28.404444,30.013056,30-05-2012,380.40000000000003,470.5,712.8000000000002
-28.1175,26.719444,30-05-2012,214.70000000000002,232.10000000000002,423.5000000000001
-28.44555556,32.325,12-05-2012,544.8,857.0999999999999,1320.0
-24.670833,28.560833,31-05-2012,294.8,314.9,474.5
-27.573056,24.746389,31-05-2012,168.8,178.10000000000002,391.1
-30.679722,26.7125,31-05-2012,189.3,228.10000000000002,510.9000000000001
-28.44555556,32.325,12-07-2012,403.70000000000005,1088.1000000000001,1419.7
-33.38056,19.30167,31-05-2012,57.4,267.3,450.6
-33.13083,18.86278,31-05-2012,46.5,230.7,400.0
-29.161667,23.696389,01-06-2012,126.30000000000001,137.20000000000002,344.30000000000007
-28.7115,24.07288889,01-06-2012,146.5,158.10000000000002,378.9
-27.5275,30.858056,01-06-2012,516.8000000000001,649.4000000000001,911.7000000000002
-29.1825,23.575556,01-06-2012,120.2,133.4,337.4
-26.73806,27.59194,04-06-2012,271.2,304.4,484.8
-32.502778,19.535833,04-06-2012,29.0,121.4,231.80000000000007
-25.127778,27.628889,05-06-2012,241.20000000000002,260.6,427.1
-25.20639,27.558,05-06-2012,241.7,260.9,429.3
-24.69514,27.40906,05-06-2012,229.1,244.7,420.1
-26.006389,29.253889,05-06-2012,349.5,397.70000000000005,601.2
-28.747778,31.745833,05-06-2012,513.2,766.9000000000001,1184.4
-27.169444,29.233889,05-06-2012,329.3,384.3,575.9
-34.250556,20.9925,05-06-2012,86.6,236.9,419.2
-25.57877778,29.12747222,05-06-2012,315.30000000000007,352.90000000000003,546.2
-23.658056,31.05,06-06-2012,196.3,225.50000000000003,392.50000000000006
-28.801278,31.955389,06-06-2012,498.4000000000001,775.9,1187.4000000000003
-27.02314,28.59389,06-06-2012,336.20000000000005,383.6,580.6
-27.4275,28.525833,06-06-2012,349.70000000000005,397.8,602.0
-27.3,28.586944,06-06-2012,355.4,404.5,607.5
-28.141944,26.417778,06-06-2012,207.3,224.3,415.1
-28.1175,26.719444,06-06-2012,214.70000000000002,232.10000000000002,423.5000000000001
-28.44555556,32.325,08-08-2012,403.70000000000005,1088.1000000000001,1419.7
-33.7075,18.97444444,06-06-2012,68.80000000000001,361.50000000000006,610.6000000000001
-33.72266667,18.61691667,06-06-2012,50.50000000000001,297.20000000000005,513.9
-29.140556,31.391944,07-06-2012,540.1,797.6,1204.2
-23.838611,31.640833,07-06-2012,205.10000000000002,237.6,400.4
-28.44555556,32.325,12-09-2012,403.70000000000005,1088.1000000000001,1419.7
-28.75,30.442778,07-06-2012,353.70000000000005,438.3,650.3000000000001
-29.161667,30.629722,07-06-2012,452.1,569.5,887.0
-27.398611,26.614722,07-06-2012,227.7,245.7,441.20000000000005
-27.671111,27.236944,07-06-2012,237.70000000000002,260.40000000000003,447.10000000000014
-27.5275,30.858056,25-08-2011,318.6,413.7,729.8000000000001
-27.4,26.624722,07-06-2012,227.7,245.7,441.20000000000005
-25.99136,27.84208,11-06-2012,293.20000000000005,327.70000000000005,529.0
-26.861111,28.884722,11-06-2012,317.8,363.8,558.6
-27.671111,27.236944,11-06-2012,237.70000000000002,260.40000000000003,447.10000000000014
-31.554722,29.245556,11-06-2012,338.5,490.6,941.9000000000001
-33.818056,19.694722,11-06-2012,61.8,273.1,463.0999999999999
-27.935,26.126667,12-06-2012,187.20000000000002,202.60000000000002,387.1
-28.141944,26.417778,12-06-2012,207.3,224.3,415.1
-29.658056,25.973333,12-06-2012,161.9,180.7,380.90000000000003
-31.000833,26.353056,12-06-2012,142.4,186.1,467.5
-30.534167,24.961944,12-06-2012,123.60000000000001,144.40000000000003,347.8
-31.104278,29.399722,12-06-2012,309.0,406.30000000000007,805.3
-34.075556,20.145556,12-06-2012,60.300000000000004,217.4,385.2000000000001
-25.45963889,28.26430556,12-06-2012,284.3,315.70000000000005,498.29999999999995
-28.068333,31.55,12-06-2012,475.1,672.5,954.0
-29.161667,23.696389,13-06-2012,126.30000000000001,137.20000000000002,344.30000000000007
-25.81048333,27.90955222,13-06-2012,283.90000000000003,313.1,504.0
-27.00222,28.76528,13-06-2012,332.5,380.40000000000003,577.2
-28.1175,26.719444,13-06-2012,214.70000000000002,232.10000000000002,423.5000000000001
-30.534167,24.961944,13-06-2012,123.60000000000001,144.40000000000003,347.8
-30.568333,29.422778,13-06-2012,289.20000000000005,345.6,683.9
-30.570833,29.150556,13-06-2012,288.20000000000005,340.90000000000003,669.2
-29.161667,23.696389,14-06-2012,126.30000000000001,137.20000000000002,344.30000000000007
-26.905,32.324722,14-06-2012,294.6,433.40000000000003,650.8000000000001
-27.602222,29.942778,14-06-2012,402.90000000000003,486.20000000000005,719.8
-27.935,26.126667,14-06-2012,187.20000000000002,202.60000000000002,387.1
-28.1175,26.719444,14-06-2012,214.70000000000002,232.10000000000002,423.5000000000001
-31.000833,26.353056,14-06-2012,142.4,186.1,467.5
-30.679722,26.7125,14-06-2012,189.3,228.10000000000002,510.9000000000001
-30.160091,27.40124,14-06-2012,256.9,289.4,585.1
-30.86013889,29.07125,14-06-2012,275.1,339.5,687.3000000000001
-28.7115,24.07288889,15-06-2012,146.5,158.10000000000002,378.9
-27.01011111,26.69808333,15-06-2012,223.7,243.6,432.59999999999997
-29.641944,30.6875,15-06-2012,385.5,454.9,770.4
-26.648056,27.089444,15-06-2012,242.4,269.6,453.00000000000006
-26.970278,27.211111,15-06-2012,250.10000000000002,277.0,458.80000000000007
-26.880278,26.965,15-06-2012,237.20000000000002,261.20000000000005,444.30000000000007
-26.98472222,26.63227778,15-06-2012,222.20000000000002,242.00000000000003,433.6
-27.398611,26.614722,15-06-2012,227.7,245.7,441.20000000000005
-29.1825,23.575556,15-06-2012,120.2,133.4,337.4
-22.91028,29.61111,18-06-2012,193.4,202.8,368.30000000000007
-29.7775,29.470833,18-06-2012,396.6,441.2,832.1000000000001
-29.744167,29.905833,18-06-2012,365.30000000000007,414.9000000000001,732.8000000000001
-26.861111,28.884722,18-06-2012,317.8,363.8,558.6
-26.73806,27.59194,18-06-2012,271.2,304.4,484.8
-26.45,28.085833,18-06-2012,295.1,334.4,526.2
-34.065833,20.404167,19-06-2012,60.30000000000001,202.20000000000002,363.20000000000005
-25.127778,27.628889,19-06-2012,241.20000000000002,260.6,427.1
-25.20639,27.558,19-06-2012,241.7,260.9,429.3
-24.69514,27.40906,19-06-2012,229.1,244.7,420.1
-27.363611,31.783333,19-06-2012,354.1,493.80000000000007,697.5
-30.733889,29.828333,19-06-2012,335.70000000000005,416.50000000000006,793.0
-27.169444,29.233889,19-06-2012,329.3,384.3,575.9
-27.00222,28.76528,19-06-2012,332.5,380.40000000000003,577.2
-29.160278,26.573333,19-06-2012,215.10000000000002,235.60000000000002,452.80000000000007
-29.028629,24.638389,19-06-2012,151.70000000000002,165.90000000000003,379.30000000000007
-29.161667,23.696389,20-06-2012,126.30000000000001,137.20000000000002,344.30000000000007
-24.282222,28.090278,20-06-2012,243.3,258.4,458.5
-25.681111,31.783333,20-06-2012,325.8,399.5,615.5
-25.398889,31.610556,20-06-2012,322.0,391.70000000000005,602.7
-30.398056,30.601944,20-06-2012,383.3,514.7,927.5000000000001
-30.27402,30.69602,20-06-2012,381.5,503.0,900.1000000000001
-29.615556,27.065278,20-06-2012,248.5,274.70000000000005,540.5
-28.883333,27.89,20-06-2012,294.1,324.0,570.2
-34.405833,19.600556,20-06-2012,74.60000000000001,305.59999999999997,527.5
-24.670833,28.560833,21-06-2012,294.8,314.9,474.5
-24.99328,30.81444,21-06-2012,474.0,554.4,869.4
-24.768889,31.39,21-06-2012,295.90000000000003,356.90000000000003,589.0000000000001
-27.802778,28.768333,21-06-2012,330.40000000000003,375.70000000000005,581.5
-27.935,26.126667,21-06-2012,187.20000000000002,202.60000000000002,387.1
-28.1175,26.719444,21-06-2012,214.70000000000002,232.10000000000002,423.5000000000001
-30.679722,26.7125,21-06-2012,189.3,228.10000000000002,510.9000000000001
-30.160091,27.40124,21-06-2012,256.9,289.4,585.1
-30.336111,27.359444,21-06-2012,252.8,290.7,597.4000000000001
-33.501667,21.624167,21-06-2012,70.10000000000001,150.50000000000003,287.5
-34.329722,18.990278,21-06-2012,102.3,423.70000000000005,696.6
-25.436111,31.982222,22-06-2012,302.40000000000003,373.90000000000003,603.3
-25.14944444,31.94055556,22-06-2012,278.40000000000003,349.70000000000005,569.4000000000001
-29.658056,25.973333,22-06-2012,161.9,180.7,380.90000000000003
-31.000833,26.353056,22-06-2012,142.4,186.1,467.5
-29.803611,30.516111,22-06-2012,379.70000000000005,435.80000000000007,760.0999999999999
-27.363611,31.783333,24-11-2015,158.40000000000003,217.60000000000002,435.09999999999997
-28.760833,17.730278,24-06-2012,15.9,30.4,68.60000000000001
-24.679167,30.8025,25-06-2012,448.1,515.0,851.5
-25.99136,27.84208,25-06-2012,293.20000000000005,327.70000000000005,529.0
-25.362222,31.956667,25-06-2012,296.20000000000005,366.90000000000003,589.6
-25.14944444,31.94055556,25-06-2012,278.40000000000003,349.70000000000005,569.4000000000001
-27.01011111,26.69808333,26-06-2012,223.7,243.6,432.59999999999997
-24.183889,30.823889,26-06-2012,244.8,275.20000000000005,463.70000000000005
-29.758889,30.935278,26-06-2012,435.70000000000005,572.8000000000001,942.2000000000002
-29.380556,30.2775,26-06-2012,394.8,474.70000000000005,760.2
-26.861111,28.884722,26-06-2012,317.8,363.8,558.6
-26.880278,26.965,26-06-2012,237.20000000000002,261.20000000000005,444.30000000000007
-26.45,28.085833,26-06-2012,295.1,334.4,526.2
-26.98472222,26.63227778,26-06-2012,222.20000000000002,242.00000000000003,433.6
-34.039722,22.133333,26-06-2012,98.90000000000002,236.20000000000005,427.09999999999997
-33.7075,18.97444444,26-06-2012,68.80000000000001,361.50000000000006,610.6000000000001
-33.72266667,18.61691667,26-06-2012,50.50000000000001,297.20000000000005,513.9
-25.45963889,28.26430556,26-06-2012,284.3,315.70000000000005,498.29999999999995
-29.161667,23.696389,27-06-2012,126.30000000000001,137.20000000000002,344.30000000000007
-25.81048333,27.90955222,27-06-2012,283.90000000000003,313.1,504.0
-30.830556,26.921389,27-06-2012,195.10000000000002,239.70000000000002,534.9
-24.058889,31.237222,27-06-2012,223.10000000000002,261.90000000000003,443.20000000000005
-28.404444,30.013056,27-06-2012,380.40000000000003,470.5,712.8000000000002
-27.4275,28.525833,27-06-2012,349.70000000000005,397.8,602.0
-34.031944,22.053333,27-06-2012,94.2,226.8,411.90000000000003
-32.595833,19.009444,27-06-2012,39.1,170.70000000000005,299.7
-28.058889,30.373611,27-06-2012,426.70000000000005,542.8000000000001,790.4000000000001
-25.447222,30.711667,27-06-2012,411.1,487.6,740.1
-29.161667,23.696389,28-06-2012,126.30000000000001,137.20000000000002,344.30000000000007
-29.641944,30.6875,28-06-2012,385.5,454.9,770.4
-31.860278,18.6875,28-06-2012,34.2,138.20000000000002,242.9
-27.5275,30.858056,28-06-2012,516.8000000000001,649.4000000000001,911.7000000000002
-29.380556,30.2775,28-06-2012,394.8,474.70000000000005,760.2
-27.00222,28.76528,28-06-2012,332.5,380.40000000000003,577.2
-26.648056,27.089444,28-06-2012,242.4,269.6,453.00000000000006
-29.028629,24.638389,28-06-2012,151.70000000000002,165.90000000000003,379.30000000000007
-29.1825,23.575556,28-06-2012,120.2,133.4,337.4
-25.49037,30.6986,29-06-2012,420.9000000000001,499.80000000000007,756.4000000000001
-30.398056,30.601944,29-06-2012,383.3,514.7,927.5000000000001
-30.27402,30.69602,29-06-2012,381.5,503.0,900.1000000000001
-27.935,26.126667,29-06-2012,187.20000000000002,202.60000000000002,387.1
-28.1175,26.719444,29-06-2012,214.70000000000002,232.10000000000002,423.5000000000001
-25.127778,27.628889,03-07-2012,241.20000000000002,260.6,427.1
-25.20639,27.558,03-07-2012,241.7,260.9,429.3
-24.69514,27.40906,03-07-2012,229.1,244.7,420.1
-28.747778,31.745833,03-07-2012,513.2,766.9000000000001,1184.4
-31.5653,18.3306,03-07-2012,28.1,122.20000000000002,204.5
-24.39619444,27.08983333,04-07-2012,198.60000000000002,212.40000000000003,376.6
-28.801278,31.955389,04-07-2012,498.4000000000001,775.9,1187.4000000000003
-27.935,26.126667,04-07-2012,187.20000000000002,202.60000000000002,387.1
-28.141944,26.417778,04-07-2012,207.3,224.3,415.1
-28.1175,26.719444,04-07-2012,214.70000000000002,232.10000000000002,423.5000000000001
-28.75,30.442778,05-07-2012,353.70000000000005,438.3,650.3000000000001
-29.161667,30.629722,05-07-2012,452.1,569.5,887.0
-28.460833,21.248889,05-07-2012,71.0,87.2,267.70000000000005
-34.092222,21.295278,05-07-2012,98.10000000000001,236.1,416.20000000000005
-33.38056,19.30167,05-07-2012,57.4,267.3,450.6
-27.4,26.624722,05-07-2012,227.7,245.7,441.20000000000005
-27.573056,24.746389,06-07-2012,168.8,178.10000000000002,391.1
-28.760833,17.730278,08-07-2012,15.8,26.200000000000003,68.80000000000001
-29.028629,24.638389,09-07-2012,155.3,195.20000000000002,374.9000000000001
-33.818056,19.694722,09-07-2012,39.8,206.60000000000002,472.69999999999993
-26.861111,28.884722,10-07-2012,317.1,453.00000000000006,579.6
-26.880278,26.965,10-07-2012,248.60000000000002,318.00000000000006,452.6000000000001
-26.45,28.085833,10-07-2012,310.2,409.3,536.7
-26.98472222,26.63227778,10-07-2012,231.20000000000002,295.20000000000005,440.9000000000001
-27.935,26.126667,10-07-2012,189.40000000000003,243.3,385.50000000000006
-28.1175,26.719444,10-07-2012,216.10000000000002,274.5,419.40000000000003
-28.69485,28.23487,10-07-2012,305.20000000000005,392.6,565.9
-31.104278,29.399722,10-07-2012,236.3,454.6,833.8
-31.396,29.2651,10-07-2012,221.5,481.49999999999994,905.3
-34.075556,20.145556,10-07-2012,42.300000000000004,169.39999999999998,395.4000000000001
-25.45963889,28.26430556,10-07-2012,315.8,407.5,520.1999999999999
-28.338333,31.373611,10-07-2012,393.1,902.6000000000001,1096.4
-28.068333,31.55,10-07-2012,354.8,844.8,1029.6000000000001
-28.760833,17.730278,11-07-2012,15.8,26.200000000000003,68.80000000000001
-29.161667,23.696389,11-07-2012,125.20000000000002,156.70000000000002,339.6
-25.81048333,27.90955222,11-07-2012,314.1,396.6,515.5
-29.641944,30.6875,11-07-2012,353.09999999999997,520.0,732.6
-28.883333,27.89,11-07-2012,295.40000000000003,381.9,561.9
-30.568333,29.422778,11-07-2012,266.5,413.5,711.5999999999999
-30.86013889,29.07125,11-07-2012,243.20000000000002,395.30000000000007,712.2
-30.570833,29.150556,11-07-2012,274.8,412.20000000000005,695.9000000000001
-30.77586667,29.03221667,11-07-2012,252.20000000000002,394.70000000000005,700.5999999999999
-34.250556,20.9925,11-07-2012,53.6,180.0,429.90000000000003
-28.44555556,32.325,09-10-2012,403.70000000000005,1088.1000000000001,1419.7
-26.648056,27.089444,12-07-2012,259.5,329.40000000000003,462.3
-27.902778,24.615556,12-07-2012,181.4,217.9,389.5
-28.768056,20.720556,12-07-2012,60.10000000000001,70.10000000000001,209.50000000000003
-31.031389,28.883333,12-07-2012,239.8,397.3,734.5
-29.7775,29.470833,16-07-2012,414.8,546.1,855.4
-29.987778,29.851667,16-07-2012,337.5,492.90000000000003,783.8
-29.744167,29.905833,16-07-2012,351.3,494.00000000000006,756.2
-33.897778,20.012778,16-07-2012,38.900000000000006,164.8,384.7000000000001
-27.01011111,26.69808333,17-07-2012,230.2,295.8,439.40000000000003
-34.065833,20.404167,17-07-2012,40.900000000000006,154.60000000000002,372.3
-25.127778,27.628889,17-07-2012,276.3,337.3,447.3
-25.20639,27.558,17-07-2012,274.2,335.4,448.1
-24.69514,27.40906,17-07-2012,269.1,329.8,450.40000000000003
-25.73411,27.21422,17-07-2012,295.6,365.90000000000003,508.4000000000001
-27.363611,31.783333,17-07-2012,293.8,637.9000000000001,769.8
-30.733889,29.828333,17-07-2012,270.90000000000003,476.5,821.6
-26.648056,27.089444,17-07-2012,259.5,329.40000000000003,462.3
-26.970278,27.211111,17-07-2012,260.8,336.0,466.30000000000007
-26.45,28.085833,17-07-2012,310.2,409.3,536.7
-26.98472222,26.63227778,17-07-2012,231.20000000000002,295.20000000000005,440.9000000000001
-27.935,26.126667,17-07-2012,189.40000000000003,243.3,385.50000000000006
-29.160278,26.573333,17-07-2012,203.90000000000003,272.0,443.40000000000003
-33.870833,20.003333,17-07-2012,38.2,163.20000000000002,381.9
-29.161667,23.696389,18-07-2012,125.20000000000002,156.70000000000002,339.6
-24.39619444,27.08983333,18-07-2012,235.4,290.30000000000007,407.5
-26.905,32.324722,18-07-2012,277.0,592.5,730.2
-30.398056,30.601944,18-07-2012,277.8,563.6,958.3000000000001
-30.27402,30.69602,18-07-2012,288.2,551.7,929.1000000000001
-27.169444,29.233889,18-07-2012,319.8,479.6,602.2
-26.861111,28.884722,18-07-2012,317.1,453.00000000000006,579.6
-28.69485,28.23487,18-07-2012,305.20000000000005,392.6,565.9
-29.615556,27.065278,18-07-2012,232.3,315.20000000000005,529.1
-28.883333,27.89,18-07-2012,295.40000000000003,381.9,561.9
-34.02861,22.22222,18-07-2012,70.4,206.00000000000003,471.9
-34.405833,19.600556,18-07-2012,49.400000000000006,237.50000000000003,543.7
-30.160091,27.40124,19-07-2012,226.20000000000002,331.0,578.5
-30.336111,27.359444,19-07-2012,215.29999999999998,328.30000000000007,592.5000000000001
-30.830556,26.921389,20-07-2012,162.4,256.4,531.3000000000001
-29.658056,25.973333,20-07-2012,156.5,204.5,370.40000000000003
-31.000833,26.353056,20-07-2012,124.5,191.60000000000002,461.0
-30.679722,26.7125,20-07-2012,160.8,244.7,504.90000000000003
-28.460833,21.248889,20-07-2012,77.9,95.3,271.50000000000006
-29.803611,30.516111,20-07-2012,345.9,497.59999999999997,743.4000000000001
-31.5653,18.3306,21-07-2012,24.200000000000003,105.1,204.29999999999998
-24.679167,30.8025,23-07-2012,517.1,764.1,979.4
-25.99136,27.84208,23-07-2012,321.6,411.6,539.8000000000001
-26.880278,26.965,23-07-2012,248.60000000000002,318.00000000000006,452.6000000000001
-26.98472222,26.63227778,23-07-2012,231.20000000000002,295.20000000000005,440.9000000000001
-33.31388889,19.07472222,23-07-2012,38.300000000000004,209.9,470.6
-24.183889,30.823889,24-07-2012,317.8,427.90000000000003,544.8
-26.861111,28.884722,24-07-2012,317.1,453.00000000000006,579.6
-26.970278,27.211111,24-07-2012,260.8,336.0,466.30000000000007
-27.802778,28.768333,24-07-2012,323.40000000000003,452.50000000000006,594.0000000000001
-28.69485,28.23487,24-07-2012,305.20000000000005,392.6,565.9
-33.501667,21.624167,24-07-2012,49.2,127.2,295.0
-29.161667,23.696389,25-07-2012,125.20000000000002,156.70000000000002,339.6
-25.81048333,27.90955222,25-07-2012,314.1,396.6,515.5
-24.034167,31.123611,25-07-2012,315.40000000000003,442.1,561.6000000000001
-29.380556,30.2775,25-07-2012,375.6,579.6,785.6000000000001
-28.058889,30.373611,25-07-2012,382.90000000000003,680.6000000000001,839.5999999999999
-29.641944,30.6875,26-07-2012,353.09999999999997,520.0,732.6
-31.860278,18.6875,26-07-2012,28.500000000000004,116.4,242.60000000000005
-27.5275,30.858056,26-07-2012,447.70000000000005,830.3000000000001,994.3000000000001
-29.380556,30.2775,26-07-2012,375.6,579.6,785.6000000000001
-27.00222,28.76528,26-07-2012,314.8,463.1,594.6
-26.648056,27.089444,26-07-2012,259.5,329.40000000000003,462.3
-29.758889,30.935278,27-07-2012,358.0,669.3,931.2
-30.27402,30.69602,28-07-2012,288.2,551.7,929.1000000000001
-27.01011111,26.69808333,30-07-2012,230.2,295.8,439.40000000000003
-26.648056,27.089444,30-07-2012,259.5,329.40000000000003,462.3
-26.880278,26.965,30-07-2012,248.60000000000002,318.00000000000006,452.6000000000001
-26.98472222,26.63227778,30-07-2012,231.20000000000002,295.20000000000005,440.9000000000001
-31.554722,29.245556,30-07-2012,227.7,504.5,971.9000000000001
-33.38056,19.30167,30-07-2012,41.6,209.70000000000002,457.99999999999994
-25.127778,27.628889,31-07-2012,276.3,337.3,447.3
-25.20639,27.558,31-07-2012,274.2,335.4,448.1
-26.861111,28.884722,31-07-2012,317.1,453.00000000000006,579.6
-26.970278,27.211111,31-07-2012,260.8,336.0,466.30000000000007
-26.73806,27.59194,31-07-2012,287.4,370.5,492.9
-26.45,28.085833,31-07-2012,310.2,409.3,536.7
-31.104278,29.399722,31-07-2012,236.3,454.6,833.8
-24.39619444,27.08983333,01-08-2012,235.4,290.30000000000007,407.5
-27.169444,29.233889,01-08-2012,319.8,479.6,602.2
-28.141944,26.417778,01-08-2012,209.8,264.5,411.4
-28.1175,26.719444,01-08-2012,216.10000000000002,274.5,419.40000000000003
-33.13083,18.86278,01-08-2012,34.0,176.1,404.6
-28.75,30.442778,02-08-2012,338.4,548.4000000000001,685.2
-29.161667,30.629722,02-08-2012,399.6,702.0,908.5
-27.00222,28.76528,02-08-2012,314.8,463.1,594.6
-26.648056,27.089444,02-08-2012,259.5,329.40000000000003,462.3
-27.398611,26.614722,02-08-2012,219.6,291.1,443.40000000000003
-28.376944,24.303056,02-08-2012,172.2,209.0,392.7
-27.671111,27.236944,03-08-2012,240.70000000000002,310.20000000000005,447.80000000000007
-28.735556,29.820556,04-08-2012,358.20000000000005,531.8000000000001,687.0
-28.760833,17.730278,05-08-2012,15.8,26.200000000000003,68.80000000000001
-25.99136,27.84208,06-08-2012,321.6,411.6,539.8000000000001
-26.970278,27.211111,06-08-2012,260.8,336.0,466.30000000000007
-33.818056,19.694722,06-08-2012,39.8,206.60000000000002,472.69999999999993
-27.01011111,26.69808333,07-08-2012,230.2,295.8,439.40000000000003
-29.641944,30.6875,07-08-2012,353.09999999999997,520.0,732.6
-28.735556,29.820556,07-08-2012,358.20000000000005,531.8000000000001,687.0
-26.880278,26.965,07-08-2012,248.60000000000002,318.00000000000006,452.6000000000001
-26.98472222,26.63227778,07-08-2012,231.20000000000002,295.20000000000005,440.9000000000001
-27.398611,26.614722,07-08-2012,219.6,291.1,443.40000000000003
-34.075556,20.145556,07-08-2012,42.300000000000004,169.39999999999998,395.4000000000001
-25.45963889,28.26430556,07-08-2012,315.8,407.5,520.1999999999999
-28.338333,31.373611,07-08-2012,393.1,902.6000000000001,1096.4
-28.068333,31.55,07-08-2012,354.8,844.8,1029.6000000000001
-25.57877778,29.12747222,07-08-2012,346.5,468.70000000000005,585.7
-25.81048333,27.90955222,08-08-2012,314.1,396.6,515.5
-28.44555556,32.325,31-10-2012,403.70000000000005,1088.1000000000001,1419.7
-26.861111,28.884722,08-08-2012,317.1,453.00000000000006,579.6
-26.45,28.085833,08-08-2012,310.2,409.3,536.7
-27.273889,28.49,09-08-2012,311.0,482.3,625.3
-27.802778,28.768333,09-08-2012,323.40000000000003,452.50000000000006,594.0000000000001
-27.00222,28.76528,10-08-2012,314.8,463.1,594.6
-27.02314,28.59389,10-08-2012,312.7,462.09999999999997,595.2
-26.648056,27.089444,10-08-2012,259.5,329.40000000000003,462.3
-27.573056,24.746389,10-08-2012,187.3,224.60000000000002,394.8
-34.065833,20.404167,12-08-2012,40.900000000000006,154.60000000000002,372.3
-27.01011111,26.69808333,13-08-2012,230.2,295.8,439.40000000000003
-29.7775,29.470833,13-08-2012,414.8,546.1,855.4
-29.987778,29.851667,13-08-2012,337.5,492.90000000000003,783.8
-29.744167,29.905833,13-08-2012,351.3,494.00000000000006,756.2
-26.880278,26.965,13-08-2012,248.60000000000002,318.00000000000006,452.6000000000001
-26.98472222,26.63227778,13-08-2012,231.20000000000002,295.20000000000005,440.9000000000001
-25.127778,27.628889,14-08-2012,276.3,337.3,447.3
-24.39619444,27.08983333,14-08-2012,235.4,290.30000000000007,407.5
-24.69514,27.40906,14-08-2012,269.1,329.8,450.40000000000003
-25.73411,27.21422,14-08-2012,295.6,365.90000000000003,508.4000000000001
-26.03611,30.99778,14-08-2012,521.8000000000001,913.4000000000001,1124.4
-27.363611,31.783333,14-08-2012,293.8,637.9000000000001,769.8
-26.73806,27.59194,14-08-2012,287.4,370.5,492.9
-26.45,28.085833,14-08-2012,310.2,409.3,536.7
-27.273889,28.49,14-08-2012,311.0,482.3,625.3
-29.160278,26.573333,14-08-2012,203.90000000000003,272.0,443.40000000000003
-34.250556,20.9925,14-08-2012,53.6,180.0,429.90000000000003
-33.897778,20.012778,14-08-2012,38.900000000000006,164.8,384.7000000000001
-25.20639,27.558,15-08-2012,274.2,335.4,448.1
-25.49037,30.6986,15-08-2012,423.80000000000007,685.4000000000001,844.7
-30.398056,30.601944,15-08-2012,277.8,563.6,958.3000000000001
-30.27402,30.69602,15-08-2012,288.2,551.7,929.1000000000001
-27.169444,29.233889,15-08-2012,319.8,479.6,602.2
-27.3,28.586944,15-08-2012,313.20000000000005,481.1,620.3000000000001
-29.033333,23.983333,15-08-2012,141.0,176.9,364.50000000000006
-28.69485,28.23487,15-08-2012,305.20000000000005,392.6,565.9
-29.615556,27.065278,15-08-2012,232.3,315.20000000000005,529.1
-28.883333,27.89,15-08-2012,295.40000000000003,381.9,561.9
-34.405833,19.600556,15-08-2012,49.400000000000006,237.50000000000003,543.7
-25.447222,30.711667,15-08-2012,413.1,669.5,827.3000000000001
-30.13573889,30.67422222,16-08-2012,299.40000000000003,529.6,867.5
-26.648056,27.089444,16-08-2012,259.5,329.40000000000003,462.3
-27.902778,24.615556,16-08-2012,181.4,217.9,389.5
-30.160091,27.40124,16-08-2012,226.20000000000002,331.0,578.5
-30.336111,27.359444,16-08-2012,215.29999999999998,328.30000000000007,592.5000000000001
-30.830556,26.921389,17-08-2012,162.4,256.4,531.3000000000001
-29.658056,25.973333,17-08-2012,156.5,204.5,370.40000000000003
-31.000833,26.353056,17-08-2012,124.5,191.60000000000002,461.0
-30.679722,26.7125,17-08-2012,160.8,244.7,504.90000000000003
-29.803611,30.516111,17-08-2012,345.9,497.59999999999997,743.4000000000001
-28.760833,17.730278,18-08-2012,15.8,26.200000000000003,68.80000000000001
-22.43772222,31.07805556,19-08-2012,271.40000000000003,344.30000000000007,447.1000000000001
-24.679167,30.8025,20-08-2012,517.1,764.1,979.4
-25.99136,27.84208,20-08-2012,321.6,411.6,539.8000000000001
-30.27402,30.69602,20-08-2012,288.2,551.7,929.1000000000001
-26.880278,26.965,20-08-2012,248.60000000000002,318.00000000000006,452.6000000000001
-26.98472222,26.63227778,20-08-2012,231.20000000000002,295.20000000000005,440.9000000000001
-33.7075,18.97444444,20-08-2012,40.300000000000004,268.3,621.0000000000001
-24.183889,30.823889,21-08-2012,317.8,427.90000000000003,544.8
-29.380556,30.2775,21-08-2012,375.6,579.6,785.6000000000001
-26.45,28.085833,21-08-2012,310.2,409.3,536.7
-33.464444,18.740556,21-08-2012,35.1,212.5,493.1
-25.45963889,28.26430556,21-08-2012,315.8,407.5,520.1999999999999
-25.81048333,27.90955222,22-08-2012,314.1,396.6,515.5
-24.058889,31.237222,22-08-2012,292.20000000000005,412.80000000000007,525.7
-27.169444,29.233889,22-08-2012,319.8,479.6,602.2
-27.273889,28.49,22-08-2012,311.0,482.3,625.3
-27.802778,28.768333,22-08-2012,323.40000000000003,452.50000000000006,594.0000000000001
-28.058889,30.373611,22-08-2012,382.90000000000003,680.6000000000001,839.5999999999999
-29.161667,23.696389,23-08-2012,125.20000000000002,156.70000000000002,339.6
-28.7115,24.07288889,23-08-2012,153.60000000000002,190.1,377.1
-31.860278,18.6875,23-08-2012,28.500000000000004,116.4,242.60000000000005
-27.937778,31.209444,23-08-2012,365.90000000000003,786.4000000000001,940.2
-26.648056,27.089444,23-08-2012,259.5,329.40000000000003,462.3
-29.1825,23.575556,23-08-2012,118.20000000000002,149.0,332.79999999999995
-34.031944,22.053333,23-08-2012,63.2,180.3,424.19999999999993
-34.02861,22.22222,23-08-2012,70.4,206.00000000000003,471.9
-23.838611,31.640833,24-08-2012,263.70000000000005,374.6,478.50000000000006
-32.502778,19.535833,24-08-2012,24.700000000000003,97.3,232.20000000000005
-29.380556,30.2775,26-08-2012,375.6,579.6,785.6000000000001
-29.641944,30.6875,27-08-2012,353.09999999999997,520.0,732.6
-29.758889,30.935278,27-08-2012,358.0,669.3,931.2
-27.01011111,26.69808333,28-08-2012,230.2,295.8,439.40000000000003
-25.127778,27.628889,28-08-2012,276.3,337.3,447.3
-25.20639,27.558,28-08-2012,274.2,335.4,448.1
-24.69514,27.40906,28-08-2012,269.1,329.8,450.40000000000003
-28.747778,31.745833,28-08-2012,382.5,957.5000000000001,1250.9
-26.970278,27.211111,28-08-2012,260.8,336.0,466.30000000000007
-26.880278,26.965,28-08-2012,248.60000000000002,318.00000000000006,452.6000000000001
-26.45,28.085833,28-08-2012,310.2,409.3,536.7
-26.98472222,26.63227778,28-08-2012,231.20000000000002,295.20000000000005,440.9000000000001
-30.86013889,29.07125,28-08-2012,243.20000000000002,395.30000000000007,712.2
-31.104278,29.399722,28-08-2012,236.3,454.6,833.8
-31.396,29.2651,28-08-2012,221.5,481.49999999999994,905.3
-31.554722,29.245556,28-08-2012,227.7,504.5,971.9000000000001
-33.501667,21.624167,28-08-2012,49.2,127.2,295.0
-31.5653,18.3306,28-08-2012,24.200000000000003,105.1,204.29999999999998
-29.161667,23.696389,29-08-2012,125.20000000000002,156.70000000000002,339.6
-28.801278,31.955389,29-08-2012,366.90000000000003,970.5000000000001,1271.6000000000001
-28.141944,26.417778,29-08-2012,209.8,264.5,411.4
-28.1175,26.719444,29-08-2012,216.10000000000002,274.5,419.40000000000003
-30.568333,29.422778,29-08-2012,266.5,413.5,711.5999999999999
-30.77586667,29.03221667,29-08-2012,252.20000000000002,394.70000000000005,700.5999999999999
-33.13083,18.86278,29-08-2012,34.0,176.1,404.6
-24.282222,28.090278,30-08-2012,324.1,395.79999999999995,520.8
-28.75,30.442778,30-08-2012,338.4,548.4000000000001,685.2
-29.161667,30.629722,30-08-2012,399.6,702.0,908.5
-27.00222,28.76528,30-08-2012,314.8,463.1,594.6
-27.398611,26.614722,30-08-2012,219.6,291.1,443.40000000000003
-27.671111,27.236944,30-08-2012,240.70000000000002,310.20000000000005,447.80000000000007
-33.38056,19.30167,30-08-2012,41.6,209.70000000000002,457.99999999999994
-27.902778,24.615556,31-08-2012,181.4,217.9,389.5
-28.760833,17.730278,02-09-2012,15.8,26.200000000000003,68.80000000000001
-25.99136,27.84208,03-09-2012,321.6,411.6,539.8000000000001
-22.43772222,31.07805556,03-09-2012,271.40000000000003,344.30000000000007,447.1000000000001
-26.970278,27.211111,03-09-2012,260.8,336.0,466.30000000000007
-27.3,28.586944,03-09-2012,313.20000000000005,481.1,620.3000000000001
-31.031389,28.883333,03-09-2012,239.8,397.3,734.5
-33.818056,19.694722,03-09-2012,39.8,206.60000000000002,472.69999999999993
-27.01011111,26.69808333,04-09-2012,230.2,295.8,439.40000000000003
-26.880278,26.965,04-09-2012,248.60000000000002,318.00000000000006,452.6000000000001
-26.98472222,26.63227778,04-09-2012,231.20000000000002,295.20000000000005,440.9000000000001
-27.671111,27.236944,04-09-2012,240.70000000000002,310.20000000000005,447.80000000000007
-34.075556,20.145556,04-09-2012,42.300000000000004,169.39999999999998,395.4000000000001
-25.45963889,28.26430556,04-09-2012,315.8,407.5,520.1999999999999
-28.338333,31.373611,04-09-2012,393.1,902.6000000000001,1096.4
-28.068333,31.55,04-09-2012,354.8,844.8,1029.6000000000001
-27.4,26.624722,04-09-2012,219.6,291.1,443.40000000000003
-29.161667,23.696389,05-09-2012,125.20000000000002,156.70000000000002,339.6
-25.81048333,27.90955222,05-09-2012,314.1,396.6,515.5
-27.602222,29.942778,05-09-2012,377.1,618.4000000000001,762.6999999999999
-27.169444,29.233889,05-09-2012,319.8,479.6,602.2
-26.73806,27.59194,05-09-2012,287.4,370.5,492.9
-26.45,28.085833,05-09-2012,310.2,409.3,536.7
-29.641944,30.6875,06-09-2012,353.09999999999997,520.0,732.6
-29.161667,23.696389,07-09-2012,125.20000000000002,156.70000000000002,339.6
-28.7115,24.07288889,07-09-2012,153.60000000000002,190.1,377.1
-27.02314,28.59389,07-09-2012,312.7,462.09999999999997,595.2
-27.273889,28.49,07-09-2012,311.0,482.3,625.3
-29.1825,23.575556,07-09-2012,118.20000000000002,149.0,332.79999999999995
-29.028629,24.638389,08-09-2012,155.3,195.20000000000002,374.9000000000001
-27.01011111,26.69808333,10-09-2012,230.2,295.8,439.40000000000003
-29.987778,29.851667,10-09-2012,337.5,492.90000000000003,783.8
-29.744167,29.905833,10-09-2012,351.3,494.00000000000006,756.2
-26.98472222,26.63227778,10-09-2012,231.20000000000002,295.20000000000005,440.9000000000001
-29.160278,26.573333,10-09-2012,203.90000000000003,272.0,443.40000000000003
-34.065833,20.404167,11-09-2012,40.900000000000006,154.60000000000002,372.3
-25.127778,27.628889,11-09-2012,276.3,337.3,447.3
-24.39619444,27.08983333,11-09-2012,235.4,290.30000000000007,407.5
-24.69514,27.40906,11-09-2012,269.1,329.8,450.40000000000003
-27.363611,31.783333,11-09-2012,293.8,637.9000000000001,769.8
-30.733889,29.828333,11-09-2012,270.90000000000003,476.5,821.6
-26.970278,27.211111,11-09-2012,260.8,336.0,466.30000000000007
-26.45,28.085833,11-09-2012,310.2,409.3,536.7
-28.69485,28.23487,11-09-2012,305.20000000000005,392.6,565.9
-29.615556,27.065278,11-09-2012,232.3,315.20000000000005,529.1
-28.883333,27.89,11-09-2012,295.40000000000003,381.9,561.9
-33.897778,20.012778,11-09-2012,38.900000000000006,164.8,384.7000000000001
-29.161667,23.696389,12-09-2012,125.20000000000002,156.70000000000002,339.6
-25.20639,27.558,12-09-2012,274.2,335.4,448.1
-22.769722,30.886944,12-09-2012,331.2,431.6,571.1
-28.44555556,32.325,24-01-2013,303.00000000000006,463.40000000000003,1122.4999999999998
-26.905,32.324722,12-09-2012,277.0,592.5,730.2
-30.398056,30.601944,12-09-2012,277.8,563.6,958.3000000000001
-30.27402,30.69602,12-09-2012,288.2,551.7,929.1000000000001
-30.160091,27.40124,12-09-2012,226.20000000000002,331.0,578.5
-30.336111,27.359444,12-09-2012,215.29999999999998,328.30000000000007,592.5000000000001
-28.768056,20.720556,12-09-2012,60.10000000000001,70.10000000000001,209.50000000000003
-34.405833,19.600556,12-09-2012,49.400000000000006,237.50000000000003,543.7
-30.830556,26.921389,13-09-2012,162.4,256.4,531.3000000000001
-27.00222,28.76528,13-09-2012,314.8,463.1,594.6
-26.648056,27.089444,13-09-2012,259.5,329.40000000000003,462.3
-31.000833,26.353056,13-09-2012,124.5,191.60000000000002,461.0
-30.679722,26.7125,13-09-2012,160.8,244.7,504.90000000000003
-34.329722,18.990278,13-09-2012,51.900000000000006,327.70000000000005,715.5000000000001
-27.573056,24.746389,14-09-2012,187.3,224.60000000000002,394.8
-29.658056,25.973333,14-09-2012,156.5,204.5,370.40000000000003
-29.803611,30.516111,14-09-2012,345.9,497.59999999999997,743.4000000000001
-29.161667,23.696389,17-09-2012,125.20000000000002,156.70000000000002,339.6
-25.99136,27.84208,17-09-2012,321.6,411.6,539.8000000000001
-26.73806,27.59194,17-09-2012,287.4,370.5,492.9
-26.45,28.085833,17-09-2012,310.2,409.3,536.7
-27.935,26.126667,17-09-2012,189.40000000000003,243.3,385.50000000000006
-29.1825,23.575556,17-09-2012,118.20000000000002,149.0,332.79999999999995
-33.31388889,19.07472222,17-09-2012,38.300000000000004,209.9,470.6
-27.01011111,26.69808333,18-09-2012,230.2,295.8,439.40000000000003
-22.91028,29.61111,18-09-2012,286.3,358.1,464.50000000000006
-27.5275,30.858056,18-09-2012,447.70000000000005,830.3000000000001,994.3000000000001
-29.380556,30.2775,18-09-2012,375.6,579.6,785.6000000000001
-27.169444,29.233889,18-09-2012,319.8,479.6,602.2
-26.648056,27.089444,18-09-2012,259.5,329.40000000000003,462.3
-26.970278,27.211111,18-09-2012,260.8,336.0,466.30000000000007
-26.880278,26.965,18-09-2012,248.60000000000002,318.00000000000006,452.6000000000001
-27.802778,28.768333,18-09-2012,323.40000000000003,452.50000000000006,594.0000000000001
-33.7075,18.97444444,18-09-2012,40.300000000000004,268.3,621.0000000000001
-25.45963889,28.26430556,18-09-2012,315.8,407.5,520.1999999999999
-29.161667,23.696389,19-09-2012,125.20000000000002,156.70000000000002,339.6
-25.81048333,27.90955222,19-09-2012,314.1,396.6,515.5
-23.763056,27.908611,19-09-2012,267.20000000000005,324.4,441.5
-27.00222,28.76528,19-09-2012,314.8,463.1,594.6
-27.273889,28.49,19-09-2012,311.0,482.3,625.3
-34.039722,22.133333,19-09-2012,65.5,187.20000000000005,439.69999999999993
-32.595833,19.009444,19-09-2012,30.0,136.4,300.79999999999995
-34.005833,22.351111,19-09-2012,81.6,242.8,536.4
-31.860278,18.6875,20-09-2012,28.500000000000004,116.4,242.60000000000005
-29.744167,29.905833,27-12-2013,380.9,442.5,675.9
-24.282222,28.090278,20-09-2012,324.1,395.79999999999995,520.8
-23.838611,31.640833,20-09-2012,263.70000000000005,374.6,478.50000000000006
-24.670833,28.560833,21-09-2012,337.3,424.9,521.0
-32.502778,19.535833,21-09-2012,24.700000000000003,97.3,232.20000000000005
-24.183889,30.823889,25-09-2012,317.8,427.90000000000003,544.8
-25.127778,27.628889,25-09-2012,276.3,337.3,447.3
-25.20639,27.558,25-09-2012,274.2,335.4,448.1
-24.69514,27.40906,25-09-2012,269.1,329.8,450.40000000000003
-25.73411,27.21422,25-09-2012,295.6,365.90000000000003,508.4000000000001
-26.45,28.085833,25-09-2012,310.2,409.3,536.7
-31.396,29.2651,25-09-2012,221.5,481.49999999999994,905.3
-31.554722,29.245556,25-09-2012,227.7,504.5,971.9000000000001
-33.501667,21.624167,25-09-2012,49.2,127.2,295.0
-33.38056,19.30167,25-09-2012,41.6,209.70000000000002,457.99999999999994
-29.161667,23.696389,26-09-2012,125.20000000000002,156.70000000000002,339.6
-27.01011111,26.69808333,26-09-2012,230.2,295.8,439.40000000000003
-24.39619444,27.08983333,26-09-2012,235.4,290.30000000000007,407.5
-29.380556,30.2775,26-09-2012,375.6,579.6,785.6000000000001
-26.648056,27.089444,26-09-2012,259.5,329.40000000000003,462.3
-26.880278,26.965,26-09-2012,248.60000000000002,318.00000000000006,452.6000000000001
-27.802778,28.768333,26-09-2012,323.40000000000003,452.50000000000006,594.0000000000001
-26.98472222,26.63227778,26-09-2012,231.20000000000002,295.20000000000005,440.9000000000001
-28.141944,26.417778,26-09-2012,209.8,264.5,411.4
-28.1175,26.719444,26-09-2012,216.10000000000002,274.5,419.40000000000003
-30.568333,29.422778,26-09-2012,266.5,413.5,711.5999999999999
-30.570833,29.150556,26-09-2012,274.8,412.20000000000005,695.9000000000001
-31.104278,29.399722,26-09-2012,236.3,454.6,833.8
-31.5653,18.3306,26-09-2012,24.200000000000003,105.1,204.29999999999998
-29.641944,30.6875,27-09-2012,353.09999999999997,520.0,732.6
-24.679167,30.8025,27-09-2012,517.1,764.1,979.4
-28.747778,31.745833,27-09-2012,382.5,957.5000000000001,1250.9
-28.801278,31.955389,27-09-2012,366.90000000000003,970.5000000000001,1271.6000000000001
-28.75,30.442778,27-09-2012,338.4,548.4000000000001,685.2
-29.758889,30.935278,27-09-2012,358.0,669.3,931.2
-29.161667,30.629722,27-09-2012,399.6,702.0,908.5
-27.00222,28.76528,27-09-2012,314.8,463.1,594.6
-27.38972222,26.46388889,27-09-2012,214.3,279.1,435.00000000000006
-27.398611,26.614722,27-09-2012,219.6,291.1,443.40000000000003
-27.671111,27.236944,27-09-2012,240.70000000000002,310.20000000000005,447.80000000000007
-31.031389,28.883333,27-09-2012,239.8,397.3,734.5
-30.86013889,29.07125,27-09-2012,243.20000000000002,395.30000000000007,712.2
-30.77586667,29.03221667,27-09-2012,252.20000000000002,394.70000000000005,700.5999999999999
-33.13083,18.86278,27-09-2012,34.0,176.1,404.6
-30.27402,30.69602,28-09-2012,288.2,551.7,929.1000000000001
-27.902778,24.615556,28-09-2012,181.4,217.9,389.5
-24.9675,31.516667,30-09-2012,326.1,511.6,644.0
-29.161667,23.696389,01-10-2012,125.20000000000002,156.70000000000002,339.6
-26.861111,28.884722,01-10-2012,317.1,453.00000000000006,579.6
-26.73806,27.59194,01-10-2012,287.4,370.5,492.9
-26.45,28.085833,01-10-2012,310.2,409.3,536.7
-33.818056,19.694722,01-10-2012,39.8,206.60000000000002,472.69999999999993
-28.7115,24.07288889,02-10-2012,153.60000000000002,190.1,377.1
-23.658056,31.05,02-10-2012,256.90000000000003,359.9000000000001,468.9000000000001
-28.735556,29.820556,02-10-2012,358.20000000000005,531.8000000000001,687.0
-27.169444,29.233889,02-10-2012,319.8,479.6,602.2
-27.802778,28.768333,02-10-2012,323.40000000000003,452.50000000000006,594.0000000000001
-27.398611,26.614722,02-10-2012,219.6,291.1,443.40000000000003
-27.671111,27.236944,02-10-2012,240.70000000000002,310.20000000000005,447.80000000000007
-29.1825,23.575556,02-10-2012,118.20000000000002,149.0,332.79999999999995
-34.075556,20.145556,02-10-2012,42.300000000000004,169.39999999999998,395.4000000000001
-25.45963889,28.26430556,02-10-2012,315.8,407.5,520.1999999999999
-28.338333,31.373611,02-10-2012,393.1,902.6000000000001,1096.4
-28.068333,31.55,02-10-2012,354.8,844.8,1029.6000000000001
-27.01011111,26.69808333,03-10-2012,230.2,295.8,439.40000000000003
-25.81048333,27.90955222,03-10-2012,314.1,396.6,515.5
-29.641944,30.6875,03-10-2012,353.09999999999997,520.0,732.6
-22.769722,30.886944,03-10-2012,331.2,431.6,571.1
-27.00222,28.76528,03-10-2012,314.8,463.1,594.6
-27.02314,28.59389,03-10-2012,312.7,462.09999999999997,595.2
-26.648056,27.089444,03-10-2012,259.5,329.40000000000003,462.3
-26.880278,26.965,03-10-2012,248.60000000000002,318.00000000000006,452.6000000000001
-27.273889,28.49,03-10-2012,311.0,482.3,625.3
-27.4275,28.525833,03-10-2012,314.8,470.79999999999995,612.2
-27.3,28.586944,03-10-2012,313.20000000000005,481.1,620.3000000000001
-34.092222,21.295278,03-10-2012,58.30000000000001,185.60000000000002,426.5
-25.57877778,29.12747222,03-10-2012,346.5,468.70000000000005,585.7
-27.602222,29.942778,04-10-2012,377.1,618.4000000000001,762.6999999999999
-27.573056,24.746389,05-10-2012,187.3,224.60000000000002,394.8
-29.042222,24.6,05-10-2012,151.70000000000002,190.9,370.3
-29.028629,24.638389,05-10-2012,155.3,195.20000000000002,374.9000000000001
-29.7775,29.470833,08-10-2012,414.8,546.1,855.4
-29.744167,29.905833,08-10-2012,351.3,494.00000000000006,756.2
-26.45,28.085833,08-10-2012,310.2,409.3,536.7
-33.897778,20.012778,08-10-2012,38.900000000000006,164.8,384.7000000000001
-27.01011111,26.69808333,09-10-2012,230.2,295.8,439.40000000000003
-34.065833,20.404167,09-10-2012,40.900000000000006,154.60000000000002,372.3
-25.127778,27.628889,09-10-2012,276.3,337.3,447.3
-24.39619444,27.08983333,09-10-2012,235.4,290.30000000000007,407.5
-24.69514,27.40906,09-10-2012,269.1,329.8,450.40000000000003
-25.73411,27.21422,09-10-2012,295.6,365.90000000000003,508.4000000000001
-30.733889,29.828333,09-10-2012,270.90000000000003,476.5,821.6
-26.648056,27.089444,09-10-2012,259.5,329.40000000000003,462.3
-26.970278,27.211111,09-10-2012,260.8,336.0,466.30000000000007
-26.880278,26.965,09-10-2012,248.60000000000002,318.00000000000006,452.6000000000001
-27.802778,28.768333,09-10-2012,323.40000000000003,452.50000000000006,594.0000000000001
-26.98472222,26.63227778,09-10-2012,231.20000000000002,295.20000000000005,440.9000000000001
-29.160278,26.573333,09-10-2012,203.90000000000003,272.0,443.40000000000003
-28.69485,28.23487,09-10-2012,305.20000000000005,392.6,565.9
-28.883333,27.89,09-10-2012,295.40000000000003,381.9,561.9
-28.068333,31.55,09-10-2012,354.8,844.8,1029.6000000000001
-30.830556,26.921389,10-10-2012,162.4,256.4,531.3000000000001
-25.20639,27.558,10-10-2012,274.2,335.4,448.1
-30.398056,30.601944,10-10-2012,277.8,563.6,958.3000000000001
-27.00222,28.76528,10-10-2012,314.8,463.1,594.6
-31.000833,26.353056,10-10-2012,124.5,191.60000000000002,461.0
-28.768056,20.720556,10-10-2012,60.10000000000001,70.10000000000001,209.50000000000003
-34.031944,22.053333,10-10-2012,63.2,180.3,424.19999999999993
-34.039722,22.133333,10-10-2012,65.5,187.20000000000005,439.69999999999993
-34.405833,19.600556,10-10-2012,49.400000000000006,237.50000000000003,543.7
-34.005833,22.351111,10-10-2012,81.6,242.8,536.4
-30.830556,26.921389,11-10-2012,162.4,256.4,531.3000000000001
-30.679722,26.7125,11-10-2012,160.8,244.7,504.90000000000003
-30.160091,27.40124,11-10-2012,226.20000000000002,331.0,578.5
-30.336111,27.359444,11-10-2012,215.29999999999998,328.30000000000007,592.5000000000001
-28.404444,30.013056,12-10-2012,360.7,589.8000000000001,744.8000000000001
-27.902778,24.615556,12-10-2012,181.4,217.9,389.5
-29.658056,25.973333,12-10-2012,156.5,204.5,370.40000000000003
-31.000833,26.353056,12-10-2012,124.5,191.60000000000002,461.0
-29.803611,30.516111,12-10-2012,345.9,497.59999999999997,743.4000000000001
-25.99136,27.84208,15-10-2012,321.6,411.6,539.8000000000001
-26.45,28.085833,15-10-2012,310.2,409.3,536.7
-33.31388889,19.07472222,15-10-2012,38.300000000000004,209.9,470.6
-29.161667,23.696389,16-10-2012,125.20000000000002,156.70000000000002,339.6
-27.01011111,26.69808333,16-10-2012,230.2,295.8,439.40000000000003
-25.681111,31.783333,16-10-2012,329.3,569.2,700.9000000000001
-29.380556,30.2775,16-10-2012,375.6,579.6,785.6000000000001
-26.648056,27.089444,16-10-2012,259.5,329.40000000000003,462.3
-26.970278,27.211111,16-10-2012,260.8,336.0,466.30000000000007
-26.880278,26.965,16-10-2012,248.60000000000002,318.00000000000006,452.6000000000001
-26.98472222,26.63227778,16-10-2012,231.20000000000002,295.20000000000005,440.9000000000001
-27.935,26.126667,16-10-2012,189.40000000000003,243.3,385.50000000000006
-29.160278,26.573333,16-10-2012,203.90000000000003,272.0,443.40000000000003
-29.1825,23.575556,16-10-2012,118.20000000000002,149.0,332.79999999999995
-34.250556,20.9925,16-10-2012,53.6,180.0,429.90000000000003
-33.7075,18.97444444,16-10-2012,40.300000000000004,268.3,621.0000000000001
-25.45963889,28.26430556,16-10-2012,315.8,407.5,520.1999999999999
-29.161667,23.696389,17-10-2012,125.20000000000002,156.70000000000002,339.6
-25.81048333,27.90955222,17-10-2012,314.1,396.6,515.5
-24.768889,31.39,17-10-2012,357.6,537.9000000000001,683.2
-24.9675,31.516667,17-10-2012,326.1,511.6,644.0
-27.937778,31.209444,17-10-2012,365.90000000000003,786.4000000000001,940.2
-27.169444,29.233889,17-10-2012,319.8,479.6,602.2
-27.00222,28.76528,17-10-2012,314.8,463.1,594.6
-27.802778,28.768333,17-10-2012,323.40000000000003,452.50000000000006,594.0000000000001
-32.595833,19.009444,17-10-2012,30.0,136.4,300.79999999999995
-28.058889,30.373611,17-10-2012,382.90000000000003,680.6000000000001,839.5999999999999
-31.860278,18.6875,18-10-2012,28.500000000000004,116.4,242.60000000000005
-27.273889,28.49,18-10-2012,311.0,482.3,625.3
-27.671111,27.236944,18-10-2012,240.70000000000002,310.20000000000005,447.80000000000007
-25.14944444,31.94055556,19-10-2012,316.1,522.9,658.6
-32.502778,19.535833,19-10-2012,24.700000000000003,97.3,232.20000000000005
-31.031389,28.883333,21-10-2012,239.8,397.3,734.5
-24.679167,30.8025,22-10-2012,517.1,764.1,979.4
-26.861111,28.884722,22-10-2012,317.1,453.00000000000006,579.6
-26.45,28.085833,22-10-2012,310.2,409.3,536.7
-31.396,29.2651,22-10-2012,221.5,481.49999999999994,905.3
-31.554722,29.245556,22-10-2012,227.7,504.5,971.9000000000001
-27.01011111,26.69808333,23-10-2012,230.2,295.8,439.40000000000003
-24.183889,30.823889,23-10-2012,317.8,427.90000000000003,544.8
-25.127778,27.628889,23-10-2012,276.3,337.3,447.3
-25.20639,27.558,23-10-2012,274.2,335.4,448.1
-24.69514,27.40906,23-10-2012,269.1,329.8,450.40000000000003
-28.747778,31.745833,23-10-2012,382.5,957.5000000000001,1250.9
-26.648056,27.089444,23-10-2012,259.5,329.40000000000003,462.3
-26.970278,27.211111,23-10-2012,260.8,336.0,466.30000000000007
-26.880278,26.965,23-10-2012,248.60000000000002,318.00000000000006,452.6000000000001
-27.802778,28.768333,23-10-2012,323.40000000000003,452.50000000000006,594.0000000000001
-27.38972222,26.46388889,23-10-2012,214.3,279.1,435.00000000000006
-26.98472222,26.63227778,23-10-2012,231.20000000000002,295.20000000000005,440.9000000000001
-28.69485,28.23487,23-10-2012,305.20000000000005,392.6,565.9
-30.568333,29.422778,23-10-2012,266.5,413.5,711.5999999999999
-30.570833,29.150556,23-10-2012,274.8,412.20000000000005,695.9000000000001
-31.104278,29.399722,23-10-2012,236.3,454.6,833.8
-33.501667,21.624167,23-10-2012,49.2,127.2,295.0
-29.161667,23.696389,24-10-2012,125.20000000000002,156.70000000000002,339.6
-24.39619444,27.08983333,24-10-2012,235.4,290.30000000000007,407.5
-24.058889,31.237222,24-10-2012,292.20000000000005,412.80000000000007,525.7
-28.141944,26.417778,24-10-2012,209.8,264.5,411.4
-27.398611,26.614722,24-10-2012,219.6,291.1,443.40000000000003
-27.671111,27.236944,24-10-2012,240.70000000000002,310.20000000000005,447.80000000000007
-30.679722,26.7125,24-10-2012,160.8,244.7,504.90000000000003
-30.336111,27.359444,24-10-2012,215.29999999999998,328.30000000000007,592.5000000000001
-28.768056,20.720556,24-10-2012,60.10000000000001,70.10000000000001,209.50000000000003
-30.86013889,29.07125,24-10-2012,243.20000000000002,395.30000000000007,712.2
-30.77586667,29.03221667,24-10-2012,252.20000000000002,394.70000000000005,700.5999999999999
-33.13083,18.86278,24-10-2012,34.0,176.1,404.6
-28.75,30.442778,25-10-2012,338.4,548.4000000000001,685.2
-29.161667,30.629722,25-10-2012,399.6,702.0,908.5
-27.38972222,26.46388889,25-10-2012,214.3,279.1,435.00000000000006
-27.671111,27.236944,28-10-2012,240.70000000000002,310.20000000000005,447.80000000000007
-28.068333,31.55,28-10-2012,354.8,844.8,1029.6000000000001
-25.99136,27.84208,29-10-2012,321.6,411.6,539.8000000000001
-27.00222,28.76528,29-10-2012,314.8,463.1,594.6
-26.45,28.085833,29-10-2012,310.2,409.3,536.7
-27.01011111,26.69808333,30-10-2012,230.2,295.8,439.40000000000003
-26.648056,27.089444,30-10-2012,259.5,329.40000000000003,462.3
-26.970278,27.211111,30-10-2012,260.8,336.0,466.30000000000007
-26.880278,26.965,30-10-2012,248.60000000000002,318.00000000000006,452.6000000000001
-26.98472222,26.63227778,30-10-2012,231.20000000000002,295.20000000000005,440.9000000000001
-29.160278,26.573333,30-10-2012,203.90000000000003,272.0,443.40000000000003
-25.45963889,28.26430556,30-10-2012,315.8,407.5,520.1999999999999
-28.338333,31.373611,30-10-2012,393.1,902.6000000000001,1096.4
-25.57877778,29.12747222,30-10-2012,346.5,468.70000000000005,585.7
-29.161667,23.696389,31-10-2012,125.20000000000002,156.70000000000002,339.6
-25.81048333,27.90955222,31-10-2012,314.1,396.6,515.5
-29.641944,30.6875,31-10-2012,353.09999999999997,520.0,732.6
-22.769722,30.886944,31-10-2012,331.2,431.6,571.1
-28.44555556,32.325,21-02-2013,303.00000000000006,463.40000000000003,1122.4999999999998
-26.73806,27.59194,31-10-2012,287.4,370.5,492.9
-23.658056,31.05,01-11-2012,256.90000000000003,359.9000000000001,468.9000000000001
-29.161667,23.696389,02-11-2012,125.20000000000002,156.70000000000002,339.6
-28.7115,24.07288889,02-11-2012,153.60000000000002,190.1,377.1
-29.1825,23.575556,02-11-2012,118.20000000000002,149.0,332.79999999999995
-29.7775,29.470833,05-11-2012,414.8,546.1,855.4
-29.987778,29.851667,05-11-2012,337.5,492.90000000000003,783.8
-29.744167,29.905833,05-11-2012,351.3,494.00000000000006,756.2
-26.970278,27.211111,05-11-2012,260.8,336.0,466.30000000000007
-26.45,28.085833,05-11-2012,310.2,409.3,536.7
-33.818056,19.694722,05-11-2012,39.8,206.60000000000002,472.69999999999993
-33.897778,20.012778,05-11-2012,38.900000000000006,164.8,384.7000000000001
-34.065833,20.404167,06-11-2012,40.900000000000006,154.60000000000002,372.3
-24.670833,28.560833,06-11-2012,337.3,424.9,521.0
-25.127778,27.628889,06-11-2012,276.3,337.3,447.3
-25.20639,27.558,06-11-2012,274.2,335.4,448.1
-24.39619444,27.08983333,06-11-2012,235.4,290.30000000000007,407.5
-24.69514,27.40906,06-11-2012,269.1,329.8,450.40000000000003
-26.03611,30.99778,06-11-2012,521.8000000000001,913.4000000000001,1124.4
-27.363611,31.783333,06-11-2012,293.8,637.9000000000001,769.8
-30.733889,29.828333,06-11-2012,270.90000000000003,476.5,821.6
-27.38972222,26.46388889,06-11-2012,214.3,279.1,435.00000000000006
-27.398611,26.614722,06-11-2012,219.6,291.1,443.40000000000003
-27.671111,27.236944,06-11-2012,240.70000000000002,310.20000000000005,447.80000000000007
-29.160278,26.573333,06-11-2012,203.90000000000003,272.0,443.40000000000003
-28.69485,28.23487,06-11-2012,305.20000000000005,392.6,565.9
-28.883333,27.89,06-11-2012,295.40000000000003,381.9,561.9
-34.092222,21.295278,06-11-2012,58.30000000000001,185.60000000000002,426.5
-34.075556,20.145556,06-11-2012,42.300000000000004,169.39999999999998,395.4000000000001
-29.161667,23.696389,07-11-2012,125.20000000000002,156.70000000000002,339.6
-22.935,28.004167,07-11-2012,203.10000000000002,240.4,331.20000000000005
-26.905,32.324722,07-11-2012,277.0,592.5,730.2
-30.398056,30.601944,07-11-2012,277.8,563.6,958.3000000000001
-30.27402,30.69602,07-11-2012,288.2,551.7,929.1000000000001
-27.3,28.586944,07-11-2012,313.20000000000005,481.1,620.3000000000001
-29.615556,27.065278,07-11-2012,232.3,315.20000000000005,529.1
-34.405833,19.600556,07-11-2012,49.400000000000006,237.50000000000003,543.7
-27.01011111,26.69808333,08-11-2012,230.2,295.8,439.40000000000003
-30.830556,26.921389,08-11-2012,162.4,256.4,531.3000000000001
-22.91028,29.61111,08-11-2012,286.3,358.1,464.50000000000006
-26.861111,28.884722,08-11-2012,317.1,453.00000000000006,579.6
-27.00222,28.76528,08-11-2012,314.8,463.1,594.6
-27.02314,28.59389,08-11-2012,312.7,462.09999999999997,595.2
-26.648056,27.089444,08-11-2012,259.5,329.40000000000003,462.3
-26.880278,26.965,08-11-2012,248.60000000000002,318.00000000000006,452.6000000000001
-26.98472222,26.63227778,08-11-2012,231.20000000000002,295.20000000000005,440.9000000000001
-29.028629,24.638389,08-11-2012,155.3,195.20000000000002,374.9000000000001
-30.679722,26.7125,08-11-2012,160.8,244.7,504.90000000000003
-30.160091,27.40124,08-11-2012,226.20000000000002,331.0,578.5
-30.336111,27.359444,08-11-2012,215.29999999999998,328.30000000000007,592.5000000000001
-34.329722,18.990278,08-11-2012,51.900000000000006,327.70000000000005,715.5000000000001
-29.658056,25.973333,09-11-2012,156.5,204.5,370.40000000000003
-31.000833,26.353056,09-11-2012,124.5,191.60000000000002,461.0
-29.803611,30.516111,09-11-2012,345.9,497.59999999999997,743.4000000000001
-25.99136,27.84208,12-11-2012,321.6,411.6,539.8000000000001
-26.861111,28.884722,12-11-2012,317.1,453.00000000000006,579.6
-26.45,28.085833,12-11-2012,310.2,409.3,536.7
-27.671111,27.236944,12-11-2012,240.70000000000002,310.20000000000005,447.80000000000007
-33.38056,19.30167,12-11-2012,41.6,209.70000000000002,457.99999999999994
-32.502778,19.535833,12-11-2012,24.700000000000003,97.3,232.20000000000005
-27.01011111,26.69808333,13-11-2012,230.2,295.8,439.40000000000003
-31.860278,18.6875,13-11-2012,28.500000000000004,116.4,242.60000000000005
-25.73411,27.21422,13-11-2012,295.6,365.90000000000003,508.4000000000001
-22.43772222,31.07805556,13-11-2012,271.40000000000003,344.30000000000007,447.1000000000001
-29.380556,30.2775,13-11-2012,375.6,579.6,785.6000000000001
-27.169444,29.233889,13-11-2012,319.8,479.6,602.2
-27.00222,28.76528,13-11-2012,314.8,463.1,594.6
-26.970278,27.211111,13-11-2012,260.8,336.0,466.30000000000007
-26.880278,26.965,13-11-2012,248.60000000000002,318.00000000000006,452.6000000000001
-26.98472222,26.63227778,13-11-2012,231.20000000000002,295.20000000000005,440.9000000000001
-27.935,26.126667,13-11-2012,189.40000000000003,243.3,385.50000000000006
-32.595833,19.009444,13-11-2012,30.0,136.4,300.79999999999995
-25.45963889,28.26430556,13-11-2012,315.8,407.5,520.1999999999999
-29.161667,23.696389,14-11-2012,125.20000000000002,156.70000000000002,339.6
-25.81048333,27.90955222,14-11-2012,314.1,396.6,515.5
-27.3,28.586944,14-11-2012,313.20000000000005,481.1,620.3000000000001
-33.31388889,19.07472222,14-11-2012,38.300000000000004,209.9,470.6
-33.13083,18.86278,14-11-2012,34.0,176.1,404.6
-27.5275,30.858056,15-11-2012,447.70000000000005,830.3000000000001,994.3000000000001
-33.7075,18.97444444,15-11-2012,40.300000000000004,268.3,621.0000000000001
-34.250556,20.9925,16-11-2012,53.6,180.0,429.90000000000003
-24.679167,30.8025,19-11-2012,517.1,764.1,979.4
-26.45,28.085833,19-11-2012,310.2,409.3,536.7
-28.116667,26.725278,19-11-2012,216.10000000000002,274.5,419.40000000000003
-29.160278,26.573333,19-11-2012,203.90000000000003,272.0,443.40000000000003
-27.01011111,26.69808333,20-11-2012,230.2,295.8,439.40000000000003
-24.183889,30.823889,20-11-2012,317.8,427.90000000000003,544.8
-25.127778,27.628889,20-11-2012,276.3,337.3,447.3
-25.20639,27.558,20-11-2012,274.2,335.4,448.1
-26.861111,28.884722,20-11-2012,317.1,453.00000000000006,579.6
-27.00222,28.76528,20-11-2012,314.8,463.1,594.6
-26.648056,27.089444,20-11-2012,259.5,329.40000000000003,462.3
-26.970278,27.211111,20-11-2012,260.8,336.0,466.30000000000007
-26.880278,26.965,20-11-2012,248.60000000000002,318.00000000000006,452.6000000000001
-26.98472222,26.63227778,20-11-2012,231.20000000000002,295.20000000000005,440.9000000000001
-31.396,29.2651,20-11-2012,221.5,481.49999999999994,905.3
-31.554722,29.245556,20-11-2012,227.7,504.5,971.9000000000001
-34.031944,22.053333,20-11-2012,63.2,180.3,424.19999999999993
-34.039722,22.133333,20-11-2012,65.5,187.20000000000005,439.69999999999993
-29.161667,23.696389,21-11-2012,125.20000000000002,156.70000000000002,339.6
-28.7115,24.07288889,21-11-2012,153.60000000000002,190.1,377.1
-28.747778,31.745833,21-11-2012,382.5,957.5000000000001,1250.9
-28.141944,26.417778,21-11-2012,209.8,264.5,411.4
-30.27402,30.69602,10-10-2012,288.2,551.7,929.1000000000001
-29.160278,26.573333,21-11-2012,203.90000000000003,272.0,443.40000000000003
-30.570833,29.150556,21-11-2012,274.8,412.20000000000005,695.9000000000001
-31.104278,29.399722,21-11-2012,236.3,454.6,833.8
-34.02861,22.22222,21-11-2012,70.4,206.00000000000003,471.9
-34.005833,22.351111,21-11-2012,81.6,242.8,536.4
-29.140556,31.391944,22-11-2012,396.0,996.5,1283.0
-24.39619444,27.08983333,22-11-2012,235.4,290.30000000000007,407.5
-28.75,30.442778,22-11-2012,338.4,548.4000000000001,685.2
-27.38972222,26.46388889,22-11-2012,214.3,279.1,435.00000000000006
-27.671111,27.236944,22-11-2012,240.70000000000002,310.20000000000005,447.80000000000007
-30.568333,29.422778,22-11-2012,266.5,413.5,711.5999999999999
-31.031389,28.883333,22-11-2012,239.8,397.3,734.5
-30.86013889,29.07125,22-11-2012,243.20000000000002,395.30000000000007,712.2
-30.77586667,29.03221667,22-11-2012,252.20000000000002,394.70000000000005,700.5999999999999
-25.99136,27.84208,26-11-2012,321.6,411.6,539.8000000000001
-26.73806,27.59194,26-11-2012,287.4,370.5,492.9
-26.45,28.085833,26-11-2012,310.2,409.3,536.7
-33.818056,19.694722,26-11-2012,39.8,206.60000000000002,472.69999999999993
-33.897778,20.012778,26-11-2012,38.900000000000006,164.8,384.7000000000001
-34.065833,20.404167,27-11-2012,40.900000000000006,154.60000000000002,372.3
-28.404444,30.013056,27-11-2012,360.7,589.8000000000001,744.8000000000001
-27.169444,29.233889,27-11-2012,319.8,479.6,602.2
-26.861111,28.884722,27-11-2012,317.1,453.00000000000006,579.6
-27.3,28.586944,27-11-2012,313.20000000000005,481.1,620.3000000000001
-29.042222,24.6,27-11-2012,151.70000000000002,190.9,370.3
-29.028629,24.638389,27-11-2012,155.3,195.20000000000002,374.9000000000001
-33.501667,21.624167,27-11-2012,49.2,127.2,295.0
-34.075556,20.145556,27-11-2012,42.300000000000004,169.39999999999998,395.4000000000001
-25.45963889,28.26430556,27-11-2012,315.8,407.5,520.1999999999999
-28.338333,31.373611,27-11-2012,393.1,902.6000000000001,1096.4
-28.068333,31.55,27-11-2012,354.8,844.8,1029.6000000000001
-25.57877778,29.12747222,27-11-2012,346.5,468.70000000000005,585.7
-29.161667,23.696389,28-11-2012,125.20000000000002,156.70000000000002,339.6
-27.01011111,26.69808333,28-11-2012,230.2,295.8,439.40000000000003
-25.81048333,27.90955222,28-11-2012,314.1,396.6,515.5
-26.648056,27.089444,28-11-2012,259.5,329.40000000000003,462.3
-26.970278,27.211111,28-11-2012,260.8,336.0,466.30000000000007
-26.880278,26.965,28-11-2012,248.60000000000002,318.00000000000006,452.6000000000001
-27.802778,28.768333,28-11-2012,323.40000000000003,452.50000000000006,594.0000000000001
-26.98472222,26.63227778,28-11-2012,231.20000000000002,295.20000000000005,440.9000000000001
-34.405833,19.600556,28-11-2012,49.400000000000006,237.50000000000003,543.7
-29.641944,30.6875,29-11-2012,353.09999999999997,520.0,732.6
-25.73411,27.21422,29-11-2012,295.6,365.90000000000003,508.4000000000001
-24.925278,29.324444,29-11-2012,301.2,398.2,498.6000000000001
-27.398611,26.614722,29-11-2012,219.6,291.1,443.40000000000003
-34.329722,18.990278,29-11-2012,51.900000000000006,327.70000000000005,715.5000000000001
-29.7775,29.470833,03-12-2012,414.8,546.1,855.4
-29.987778,29.851667,03-12-2012,337.5,492.90000000000003,783.8
-29.744167,29.905833,03-12-2012,351.3,494.00000000000006,756.2
-26.970278,27.211111,03-12-2012,260.8,336.0,466.30000000000007
-26.45,28.085833,03-12-2012,310.2,409.3,536.7
-33.31388889,19.07472222,03-12-2012,38.300000000000004,209.9,470.6
-25.127778,27.628889,04-12-2012,276.3,337.3,447.3
-25.20639,27.558,04-12-2012,274.2,335.4,448.1
-24.39619444,27.08983333,04-12-2012,235.4,290.30000000000007,407.5
-24.69514,27.40906,04-12-2012,269.1,329.8,450.40000000000003
-22.769722,30.886944,04-12-2012,331.2,431.6,571.1
-27.363611,31.783333,04-12-2012,293.8,637.9000000000001,769.8
-30.733889,29.828333,04-12-2012,270.90000000000003,476.5,821.6
-26.861111,28.884722,04-12-2012,317.1,453.00000000000006,579.6
-27.02314,28.59389,04-12-2012,312.7,462.09999999999997,595.2
-27.671111,27.236944,04-12-2012,240.70000000000002,310.20000000000005,447.80000000000007
-28.69485,28.23487,04-12-2012,305.20000000000005,392.6,565.9
-29.615556,27.065278,04-12-2012,232.3,315.20000000000005,529.1
-34.092222,21.295278,04-12-2012,58.30000000000001,185.60000000000002,426.5
-33.13083,18.86278,04-12-2012,34.0,176.1,404.6
-33.7075,18.97444444,04-12-2012,40.300000000000004,268.3,621.0000000000001
-29.161667,23.696389,05-12-2012,125.20000000000002,156.70000000000002,339.6
-27.01011111,26.69808333,05-12-2012,230.2,295.8,439.40000000000003
-30.398056,30.601944,05-12-2012,277.8,563.6,958.3000000000001
-27.00222,28.76528,05-12-2012,314.8,463.1,594.6
-26.648056,27.089444,05-12-2012,259.5,329.40000000000003,462.3
-26.880278,26.965,05-12-2012,248.60000000000002,318.00000000000006,452.6000000000001
-27.273889,28.49,05-12-2012,311.0,482.3,625.3
-27.3,28.586944,05-12-2012,313.20000000000005,481.1,620.3000000000001
-26.98472222,26.63227778,05-12-2012,231.20000000000002,295.20000000000005,440.9000000000001
-30.336111,27.359444,05-12-2012,215.29999999999998,328.30000000000007,592.5000000000001
-28.768056,20.720556,05-12-2012,60.10000000000001,70.10000000000001,209.50000000000003
-34.039722,22.133333,05-12-2012,65.5,187.20000000000005,439.69999999999993
-32.595833,19.009444,05-12-2012,30.0,136.4,300.79999999999995
-31.860278,18.6875,06-12-2012,28.500000000000004,116.4,242.60000000000005
-30.830556,26.921389,06-12-2012,162.4,256.4,531.3000000000001
-23.658056,31.05,06-12-2012,256.90000000000003,359.9000000000001,468.9000000000001
-26.905,32.324722,06-12-2012,277.0,592.5,730.2
-26.98472222,26.63227778,06-12-2012,231.20000000000002,295.20000000000005,440.9000000000001
-31.000833,26.353056,06-12-2012,124.5,191.60000000000002,461.0
-30.679722,26.7125,06-12-2012,160.8,244.7,504.90000000000003
-33.501667,21.624167,06-12-2012,49.2,127.2,295.0
-33.38056,19.30167,06-12-2012,41.6,209.70000000000002,457.99999999999994
-29.803611,30.516111,06-12-2012,345.9,497.59999999999997,743.4000000000001
-29.658056,25.973333,07-12-2012,156.5,204.5,370.40000000000003
-28.96362,19.15486,08-12-2012,11.1,18.5,89.79999999999998
-25.99136,27.84208,10-12-2012,321.6,411.6,539.8000000000001
-29.380556,30.2775,10-12-2012,375.6,579.6,785.6000000000001
-26.73806,27.59194,10-12-2012,287.4,370.5,492.9
-26.45,28.085833,10-12-2012,310.2,409.3,536.7
-27.671111,27.236944,10-12-2012,240.70000000000002,310.20000000000005,447.80000000000007
-30.86013889,29.07125,10-12-2012,243.20000000000002,395.30000000000007,712.2
-31.104278,29.399722,10-12-2012,236.3,454.6,833.8
-31.396,29.2651,10-12-2012,221.5,481.49999999999994,905.3
-31.554722,29.245556,10-12-2012,227.7,504.5,971.9000000000001
-34.005833,22.351111,10-12-2012,81.6,242.8,536.4
-27.01011111,26.69808333,11-12-2012,230.2,295.8,439.40000000000003
-26.861111,28.884722,11-12-2012,317.1,453.00000000000006,579.6
-27.00222,28.76528,11-12-2012,314.8,463.1,594.6
-26.970278,27.211111,11-12-2012,260.8,336.0,466.30000000000007
-26.880278,26.965,11-12-2012,248.60000000000002,318.00000000000006,452.6000000000001
-26.98472222,26.63227778,11-12-2012,231.20000000000002,295.20000000000005,440.9000000000001
-30.77586667,29.03221667,11-12-2012,252.20000000000002,394.70000000000005,700.5999999999999
-25.45963889,28.26430556,11-12-2012,315.8,407.5,520.1999999999999
-25.81048333,27.90955222,12-12-2012,314.1,396.6,515.5
-27.5275,30.858056,12-12-2012,447.70000000000005,830.3000000000001,994.3000000000001
-28.141944,26.417778,12-12-2012,209.8,264.5,411.4
-28.1175,26.719444,12-12-2012,216.10000000000002,274.5,419.40000000000003
-30.568333,29.422778,12-12-2012,266.5,413.5,711.5999999999999
-31.031389,28.883333,12-12-2012,239.8,397.3,734.5
-30.570833,29.150556,12-12-2012,274.8,412.20000000000005,695.9000000000001
-34.250556,20.9925,12-12-2012,53.6,180.0,429.90000000000003
-24.670833,28.560833,13-12-2012,337.3,424.9,521.0
-27.937778,31.209444,13-12-2012,365.90000000000003,786.4000000000001,940.2
-27.398611,26.614722,13-12-2012,219.6,291.1,443.40000000000003
-27.671111,27.236944,13-12-2012,240.70000000000002,310.20000000000005,447.80000000000007
-22.43772222,31.07805556,14-12-2012,271.40000000000003,344.30000000000007,447.1000000000001
-28.96362,19.15486,15-12-2012,11.1,18.5,89.79999999999998
-28.735556,29.820556,17-12-2012,358.20000000000005,531.8000000000001,687.0
-28.7115,24.07288889,18-12-2012,153.60000000000002,190.1,377.1
-25.127778,27.628889,18-12-2012,276.3,337.3,447.3
-25.20639,27.558,18-12-2012,274.2,335.4,448.1
-24.69514,27.40906,18-12-2012,269.1,329.8,450.40000000000003
-26.45,28.085833,18-12-2012,310.2,409.3,536.7
-29.1825,23.575556,18-12-2012,118.20000000000002,149.0,332.79999999999995
-33.501667,21.624167,18-12-2012,49.2,127.2,295.0
-29.161667,23.696389,19-12-2012,125.20000000000002,156.70000000000002,339.6
-27.01011111,26.69808333,19-12-2012,230.2,295.8,439.40000000000003
-24.39619444,27.08983333,19-12-2012,235.4,290.30000000000007,407.5
-28.404444,30.013056,19-12-2012,360.7,589.8000000000001,744.8000000000001
-26.861111,28.884722,19-12-2012,317.1,453.00000000000006,579.6
-27.00222,28.76528,19-12-2012,314.8,463.1,594.6
-26.648056,27.089444,19-12-2012,259.5,329.40000000000003,462.3
-26.970278,27.211111,19-12-2012,260.8,336.0,466.30000000000007
-26.880278,26.965,19-12-2012,248.60000000000002,318.00000000000006,452.6000000000001
-26.98472222,26.63227778,19-12-2012,231.20000000000002,295.20000000000005,440.9000000000001
-28.768056,20.720556,19-12-2012,60.10000000000001,70.10000000000001,209.50000000000003
-28.75,30.442778,20-12-2012,338.4,548.4000000000001,685.2
-29.161667,30.629722,20-12-2012,399.6,702.0,908.5
-28.96362,19.15486,22-12-2012,11.1,18.5,89.79999999999998
-28.96362,19.15486,29-12-2012,11.1,18.5,89.79999999999998
-25.14944444,31.94055556,01-01-2013,316.1,522.9,658.6
-27.00222,28.76528,01-01-2013,314.8,463.1,594.6
-25.127778,27.628889,02-01-2013,233.50000000000003,371.7,436.2
-25.99136,27.84208,02-01-2013,265.6,445.40000000000003,523.1
-25.20639,27.558,02-01-2013,234.7,371.09999999999997,437.8
-30.160091,27.40124,02-01-2013,260.2,387.8,538.9000000000001
-28.96362,19.15486,02-01-2013,11.5,16.8,72.5
-25.81048333,27.90955222,03-01-2013,138.4,422.3,462.4
-26.73806,27.59194,03-01-2013,132.3,403.50000000000006,454.2
-27.398611,26.614722,03-01-2013,137.0,364.70000000000005,424.20000000000005
-27.671111,27.236944,03-01-2013,133.9,371.6,428.2000000000001
-25.45963889,28.26430556,03-01-2013,140.8,425.1000000000001,462.2
-27.01011111,26.69808333,04-01-2013,127.70000000000002,357.90000000000003,443.70000000000005
-26.648056,27.089444,04-01-2013,132.2,391.7,473.4
-26.970278,27.211111,04-01-2013,125.60000000000001,386.40000000000003,475.59999999999997
-26.880278,26.965,04-01-2013,129.0,377.6,461.70000000000005
-26.98472222,26.63227778,04-01-2013,130.9,362.1000000000001,446.2000000000001
-28.96362,19.15486,05-01-2013,73.39999999999999,84.89999999999999,115.00000000000001
-25.99136,27.84208,07-01-2013,0.1,144.8,556.4000000000001
-28.747778,31.745833,07-01-2013,101.60000000000001,363.79999999999995,1321.3000000000002
-29.7775,29.470833,07-01-2013,8.8,278.09999999999997,824.1999999999999
-29.744167,29.905833,07-01-2013,7.6000000000000005,233.4,727.4000000000001
-26.45,28.085833,07-01-2013,0.6000000000000001,117.5,526.8000000000001
-28.768056,20.720556,07-01-2013,24.500000000000004,97.2,167.3
-27.01011111,26.69808333,08-01-2013,0.7000000000000001,80.10000000000001,424.20000000000005
-23.658056,31.05,08-01-2013,2.7,94.89999999999999,483.90000000000015
-27.169444,29.233889,08-01-2013,3.2,82.6,594.4999999999999
-26.861111,28.884722,08-01-2013,2.4000000000000004,85.20000000000002,571.7000000000002
-26.648056,27.089444,08-01-2013,0.5,88.2,462.1
-26.970278,27.211111,08-01-2013,0.6000000000000001,85.3,462.2
-26.880278,26.965,08-01-2013,0.8,85.2,447.8000000000001
-26.98472222,26.63227778,08-01-2013,0.7000000000000001,82.10000000000001,426.80000000000007
-29.160278,26.573333,08-01-2013,2.7,79.6,394.7000000000001
-28.883333,27.89,08-01-2013,2.0,90.0,517.5000000000001
-25.45963889,28.26430556,08-01-2013,0.2,94.4,528.7
-25.81048333,27.90955222,09-01-2013,2.1,90.1,512.4000000000001
-22.769722,30.886944,09-01-2013,9.700000000000001,79.10000000000001,561.4000000000001
-29.744167,29.905833,09-01-2013,5.6000000000000005,44.7,693.9000000000001
-30.398056,30.601944,09-01-2013,25.900000000000002,132.6,851.9000000000001
-30.27402,30.69602,09-01-2013,18.7,110.1,814.5
-27.00222,28.76528,09-01-2013,5.5,62.20000000000001,541.8000000000001
-27.02314,28.59389,09-01-2013,5.1,57.50000000000001,538.6
-27.273889,28.49,09-01-2013,4.7,59.00000000000001,565.2000000000002
-27.4275,28.525833,09-01-2013,4.7,55.3,551.9
-27.3,28.586944,09-01-2013,5.0,58.1,561.0
-30.830556,26.921389,10-01-2013,47.6,63.7,410.4000000000001
-30.733889,29.828333,10-01-2013,79.7,104.30000000000001,661.3
-29.042222,24.6,10-01-2013,19.1,25.400000000000002,280.1
-29.028629,24.638389,10-01-2013,19.3,25.6,283.90000000000003
-30.679722,26.7125,10-01-2013,43.300000000000004,56.900000000000006,391.29999999999995
-30.160091,27.40124,10-01-2013,52.800000000000004,61.1,460.9000000000001
-30.336111,27.359444,10-01-2013,57.10000000000001,68.2,468.9
-24.39619444,27.08983333,11-01-2013,97.80000000000001,97.80000000000001,454.30000000000007
-29.658056,25.973333,11-01-2013,57.400000000000006,60.900000000000006,310.4
-31.000833,26.353056,11-01-2013,66.0,80.30000000000001,368.90000000000003
-30.534167,24.961944,11-01-2013,65.7,73.70000000000002,267.0
-34.250556,20.9925,11-01-2013,117.0,256.20000000000005,393.30000000000007
-29.803611,30.516111,11-01-2013,132.5,138.20000000000002,655.8000000000001
-29.140556,31.391944,13-01-2013,339.5,430.20000000000005,951.5000000000001
-31.396,29.2651,14-01-2013,359.5,379.30000000000007,839.9000000000001
-31.554722,29.245556,14-01-2013,380.80000000000007,406.1,898.8000000000001
-33.818056,19.694722,14-01-2013,57.400000000000006,278.40000000000003,497.7
-27.01011111,26.69808333,15-01-2013,212.20000000000002,213.8,395.1
-34.065833,20.404167,15-01-2013,68.2,197.10000000000005,360.3
-25.20639,27.558,15-01-2013,262.1,263.3,477.20000000000005
-28.747778,31.745833,15-01-2013,328.5,417.2,931.8
-26.648056,27.089444,15-01-2013,237.2,239.3,432.20000000000005
-26.970278,27.211111,15-01-2013,236.0,238.10000000000002,424.29999999999995
-26.880278,26.965,15-01-2013,227.10000000000002,229.10000000000002,416.4
-26.98472222,26.63227778,15-01-2013,212.5,214.10000000000002,399.6
-30.568333,29.422778,15-01-2013,327.3,334.5,687.9
-30.570833,29.150556,15-01-2013,322.20000000000005,328.90000000000003,670.2
-31.104278,29.399722,15-01-2013,353.5,366.5,785.9
-34.075556,20.145556,15-01-2013,65.5,218.7,399.9
-29.161667,23.696389,16-01-2013,104.80000000000001,112.5,241.79999999999995
-29.140556,31.391944,16-01-2013,339.5,430.20000000000005,951.5000000000001
-24.39619444,27.08983333,16-01-2013,246.40000000000003,247.10000000000002,499.3
-26.45,28.085833,16-01-2013,272.3,275.6,468.20000000000005
-27.802778,28.768333,16-01-2013,289.1,294.40000000000003,490.79999999999995
-28.768056,20.720556,16-01-2013,27.200000000000003,52.00000000000001,141.1
-31.031389,28.883333,16-01-2013,319.3,330.1,700.3
-30.86013889,29.07125,16-01-2013,316.1,324.80000000000007,679.1
-30.77586667,29.03221667,16-01-2013,314.5,322.70000000000005,668.2
-33.501667,21.624167,16-01-2013,87.4,143.3,253.50000000000003
-34.405833,19.600556,16-01-2013,74.2,320.7,584.1
-28.801278,31.955389,17-01-2013,302.20000000000005,416.3,995.3000000000001
-28.75,30.442778,17-01-2013,273.8,290.1,503.8
-29.161667,30.629722,17-01-2013,330.3,357.5,653.3
-26.861111,28.884722,17-01-2013,283.4,288.9,496.0
-27.00222,28.76528,17-01-2013,288.40000000000003,293.90000000000003,497.7
-27.4275,28.525833,17-01-2013,296.3,301.0,498.5
-34.329722,18.990278,17-01-2013,83.7,452.5,798.7
-25.99136,27.84208,21-01-2013,277.90000000000003,280.40000000000003,509.20000000000005
-26.73806,27.59194,21-01-2013,255.90000000000003,258.6,448.80000000000007
-26.45,28.085833,21-01-2013,272.3,275.6,468.20000000000005
-27.01011111,26.69808333,22-01-2013,212.20000000000002,213.8,395.1
-28.747778,31.745833,22-01-2013,328.5,417.2,931.8
-26.861111,28.884722,22-01-2013,283.4,288.9,496.0
-26.648056,27.089444,22-01-2013,237.2,239.3,432.20000000000005
-26.970278,27.211111,22-01-2013,236.0,238.10000000000002,424.29999999999995
-26.880278,26.965,22-01-2013,227.10000000000002,229.10000000000002,416.4
-26.98472222,26.63227778,22-01-2013,212.5,214.10000000000002,399.6
-27.935,26.126667,22-01-2013,165.10000000000002,167.70000000000002,317.80000000000007
-28.1175,26.719444,22-01-2013,193.10000000000002,195.20000000000002,352.5
-30.160091,27.40124,22-01-2013,246.4,251.9,485.4000000000001
-34.031944,22.053333,22-01-2013,126.20000000000002,214.20000000000002,360.6000000000001
-34.039722,22.133333,22-01-2013,133.60000000000002,223.4,372.7
-25.45963889,28.26430556,22-01-2013,278.1,280.5,493.40000000000003
-28.338333,31.373611,22-01-2013,328.70000000000005,387.4,727.5
-28.068333,31.55,22-01-2013,286.9,347.0,664.4000000000001
-29.161667,23.696389,23-01-2013,104.80000000000001,112.5,241.79999999999995
-25.81048333,27.90955222,23-01-2013,271.1,273.20000000000005,499.6
-29.744167,29.905833,23-01-2013,382.6,388.2,711.1999999999998
-27.00222,28.76528,23-01-2013,288.40000000000003,293.90000000000003,497.7
-27.38972222,26.46388889,23-01-2013,199.60000000000002,201.60000000000002,369.20000000000005
-28.141944,26.417778,23-01-2013,184.9,187.5,341.5000000000001
-27.398611,26.614722,23-01-2013,206.7,208.7,375.90000000000003
-30.336111,27.359444,23-01-2013,246.0,253.20000000000002,499.30000000000007
-24.058889,31.237222,24-01-2013,236.40000000000003,250.2,522.6
-28.44555556,32.325,21-03-2013,303.00000000000006,463.40000000000003,1122.4999999999998
-28.1175,26.719444,24-01-2013,193.10000000000002,195.20000000000002,352.5
-27.671111,27.236944,24-01-2013,213.9,215.9,383.0
-29.641944,30.6875,28-01-2013,335.3,346.8,583.9
-29.758889,30.935278,28-01-2013,337.20000000000005,376.20000000000005,705.5
-30.398056,30.601944,28-01-2013,410.20000000000005,436.1,878.8
-30.27402,30.69602,28-01-2013,400.8,419.5,833.8000000000001
-26.45,28.085833,28-01-2013,272.3,275.6,468.20000000000005
-34.02861,22.22222,28-01-2013,153.70000000000002,249.00000000000003,403.70000000000005
-33.31388889,19.07472222,28-01-2013,40.1,275.40000000000003,505.5
-27.01011111,26.69808333,29-01-2013,212.20000000000002,213.8,395.1
-25.127778,27.628889,29-01-2013,262.0,263.20000000000005,472.70000000000005
-25.20639,27.558,29-01-2013,262.1,263.3,477.20000000000005
-24.39619444,27.08983333,29-01-2013,246.40000000000003,247.10000000000002,499.3
-24.69514,27.40906,29-01-2013,269.70000000000005,270.6,512.0
-27.363611,31.783333,29-01-2013,236.9,277.4,532.9
-28.735556,29.820556,29-01-2013,289.5,301.0,528.5
-26.861111,28.884722,29-01-2013,283.4,288.9,496.0
-26.98472222,26.63227778,29-01-2013,212.5,214.10000000000002,399.6
-27.398611,26.614722,29-01-2013,206.7,208.7,375.90000000000003
-33.7075,18.97444444,29-01-2013,51.900000000000006,379.70000000000005,690.3000000000001
-34.005833,22.351111,29-01-2013,191.6,295.5,465.4
-29.641944,30.6875,30-01-2013,335.3,346.8,583.9
-29.380556,30.2775,30-01-2013,343.20000000000005,356.8,635.0
-26.648056,27.089444,30-01-2013,237.2,239.3,432.20000000000005
-29.042222,24.6,30-01-2013,121.10000000000001,126.80000000000001,268.5
-29.028629,24.638389,30-01-2013,122.4,128.10000000000002,271.3
-32.595833,19.009444,30-01-2013,24.6,154.1,299.59999999999997
-33.13083,18.86278,30-01-2013,31.5,227.5,430.40000000000003
-26.905,32.324722,31-01-2013,189.10000000000002,228.60000000000002,513.1
-27.935,26.126667,31-01-2013,165.10000000000002,167.70000000000002,317.80000000000007
-28.1175,26.719444,31-01-2013,193.10000000000002,195.20000000000002,352.5
-27.902778,24.615556,31-01-2013,135.20000000000002,140.9,297.6
-30.160091,27.40124,31-01-2013,246.4,251.9,485.4000000000001
-33.38056,19.30167,31-01-2013,43.7,269.70000000000005,492.5
-32.502778,19.535833,01-02-2013,18.5,104.5,220.8
-25.99136,27.84208,04-02-2013,277.90000000000003,280.40000000000003,509.20000000000005
-26.73806,27.59194,04-02-2013,255.90000000000003,258.6,448.80000000000007
-26.45,28.085833,04-02-2013,272.3,275.6,468.20000000000005
-23.658056,31.05,05-02-2013,220.90000000000003,230.8,486.9000000000001
-23.281,30.54305556,05-02-2013,280.5,288.6,667.5
-25.14944444,31.94055556,05-02-2013,209.9,236.89999999999998,535.6
-27.169444,29.233889,05-02-2013,287.5,294.29999999999995,502.9000000000001
-26.861111,28.884722,05-02-2013,283.4,288.9,496.0
-27.398611,26.614722,05-02-2013,206.7,208.7,375.90000000000003
-27.671111,27.236944,05-02-2013,213.9,215.9,383.0
-29.160278,26.573333,05-02-2013,191.50000000000003,194.20000000000002,360.70000000000005
-34.031944,22.053333,05-02-2013,126.20000000000002,214.20000000000002,360.6000000000001
-25.45963889,28.26430556,05-02-2013,278.1,280.5,493.40000000000003
-27.01011111,26.69808333,06-02-2013,212.20000000000002,213.8,395.1
-25.81048333,27.90955222,06-02-2013,271.1,273.20000000000005,499.6
-22.769722,30.886944,06-02-2013,273.8,283.5,617.5
-29.744167,29.905833,06-02-2013,382.6,388.2,711.1999999999998
-27.02314,28.59389,06-02-2013,289.9,295.0,492.30000000000007
-26.648056,27.089444,06-02-2013,237.2,239.3,432.20000000000005
-26.970278,27.211111,06-02-2013,236.0,238.10000000000002,424.29999999999995
-27.273889,28.49,06-02-2013,300.1,304.8,505.5
-27.4275,28.525833,06-02-2013,296.3,301.0,498.5
-27.3,28.586944,06-02-2013,297.20000000000005,302.20000000000005,502.8
-26.98472222,26.63227778,06-02-2013,212.5,214.10000000000002,399.6
-28.69485,28.23487,06-02-2013,265.3,268.4,465.20000000000005
-29.615556,27.065278,06-02-2013,228.10000000000002,231.9,438.7
-28.883333,27.89,06-02-2013,262.9,265.7,464.9000000000001
-28.75,30.442778,07-02-2013,273.8,290.1,503.8
-29.161667,30.629722,07-02-2013,330.3,357.5,653.3
-27.00222,28.76528,07-02-2013,288.40000000000003,293.90000000000003,497.7
-30.679722,26.7125,07-02-2013,192.40000000000003,201.10000000000002,420.70000000000005
-30.160091,27.40124,07-02-2013,246.4,251.9,485.4000000000001
-30.336111,27.359444,07-02-2013,246.0,253.20000000000002,499.30000000000007
-27.935,26.126667,08-02-2013,165.10000000000002,167.70000000000002,317.80000000000007
-28.1175,26.719444,08-02-2013,193.10000000000002,195.20000000000002,352.5
-29.160278,26.573333,08-02-2013,191.50000000000003,194.20000000000002,360.70000000000005
-29.658056,25.973333,08-02-2013,146.4,149.7,297.29999999999995
-31.000833,26.353056,08-02-2013,148.5,160.00000000000003,376.20000000000005
-28.96362,19.15486,09-02-2013,3.3000000000000003,24.5,106.0
-23.281,30.54305556,10-02-2013,280.5,288.6,667.5
-24.058889,31.237222,11-02-2013,236.40000000000003,250.2,522.6
-26.970278,27.211111,11-02-2013,236.0,238.10000000000002,424.29999999999995
-26.45,28.085833,11-02-2013,272.3,275.6,468.20000000000005
-31.031389,28.883333,11-02-2013,319.3,330.1,700.3
-30.86013889,29.07125,11-02-2013,316.1,324.80000000000007,679.1
-30.77586667,29.03221667,11-02-2013,314.5,322.70000000000005,668.2
-33.818056,19.694722,11-02-2013,57.400000000000006,278.40000000000003,497.7
-27.01011111,26.69808333,12-02-2013,212.20000000000002,213.8,395.1
-34.065833,20.404167,12-02-2013,68.2,197.10000000000005,360.3
-24.670833,28.560833,12-02-2013,345.20000000000005,346.3,597.4
-25.127778,27.628889,12-02-2013,262.0,263.20000000000005,472.70000000000005
-25.20639,27.558,12-02-2013,262.1,263.3,477.20000000000005
-24.69514,27.40906,12-02-2013,269.70000000000005,270.6,512.0
-28.747778,31.745833,12-02-2013,328.5,417.2,931.8
-29.380556,30.2775,12-02-2013,343.20000000000005,356.8,635.0
-26.861111,28.884722,12-02-2013,283.4,288.9,496.0
-26.648056,27.089444,12-02-2013,237.2,239.3,432.20000000000005
-26.880278,26.965,12-02-2013,227.10000000000002,229.10000000000002,416.4
-26.98472222,26.63227778,12-02-2013,212.5,214.10000000000002,399.6
-29.042222,24.6,12-02-2013,121.10000000000001,126.80000000000001,268.5
-34.075556,20.145556,12-02-2013,65.5,218.7,399.9
-28.058889,30.373611,12-02-2013,319.1,341.70000000000005,598.2
-29.161667,23.696389,13-02-2013,104.80000000000001,112.5,241.79999999999995
-24.282222,28.090278,13-02-2013,301.0,301.70000000000005,606.9
-24.39619444,27.08983333,13-02-2013,246.40000000000003,247.10000000000002,499.3
-24.925278,29.324444,13-02-2013,306.90000000000003,309.70000000000005,556.4000000000001
-28.747778,31.745833,13-02-2013,328.5,417.2,931.8
-27.937778,31.209444,13-02-2013,302.5,345.6,611.6
-28.404444,30.013056,13-02-2013,293.80000000000007,309.8,541.8
-28.768056,20.720556,13-02-2013,27.200000000000003,52.00000000000001,141.1
-31.396,29.2651,13-02-2013,359.5,379.30000000000007,839.9000000000001
-31.554722,29.245556,13-02-2013,380.80000000000007,406.1,898.8000000000001
-33.897778,20.012778,13-02-2013,58.10000000000001,213.9,391.40000000000003
-28.801278,31.955389,14-02-2013,302.20000000000005,416.3,995.3000000000001
-27.5275,30.858056,14-02-2013,370.80000000000007,402.1,721.3000000000002
-27.671111,27.236944,14-02-2013,213.9,215.9,383.0
-27.573056,24.746389,14-02-2013,144.7,148.60000000000002,311.70000000000005
-30.568333,29.422778,14-02-2013,327.3,334.5,687.9
-30.570833,29.150556,14-02-2013,322.20000000000005,328.90000000000003,670.2
-31.104278,29.399722,14-02-2013,353.5,366.5,785.9
-34.329722,18.990278,14-02-2013,83.7,452.5,798.7
-29.744167,29.905833,16-02-2013,382.6,388.2,711.1999999999998
-25.99136,27.84208,18-02-2013,277.90000000000003,280.40000000000003,509.20000000000005
-29.7775,29.470833,18-02-2013,414.2,419.5,812.8
-26.880278,26.965,18-02-2013,227.10000000000002,229.10000000000002,416.4
-27.01011111,26.69808333,19-02-2013,212.20000000000002,213.8,395.1
-30.733889,29.828333,19-02-2013,380.20000000000005,390.8,780.6000000000001
-26.648056,27.089444,19-02-2013,237.2,239.3,432.20000000000005
-26.970278,27.211111,19-02-2013,236.0,238.10000000000002,424.29999999999995
-26.98472222,26.63227778,19-02-2013,212.5,214.10000000000002,399.6
-25.45963889,28.26430556,19-02-2013,278.1,280.5,493.40000000000003
-28.068333,31.55,19-02-2013,286.9,347.0,664.4000000000001
-29.161667,23.696389,20-02-2013,104.80000000000001,112.5,241.79999999999995
-25.81048333,27.90955222,20-02-2013,271.1,273.20000000000005,499.6
-29.744167,29.905833,20-02-2013,382.6,388.2,711.1999999999998
-30.27402,30.69602,20-02-2013,400.8,419.5,833.8000000000001
-27.38972222,26.46388889,20-02-2013,199.60000000000002,201.60000000000002,369.20000000000005
-28.141944,26.417778,20-02-2013,184.9,187.5,341.5000000000001
-28.1175,26.719444,20-02-2013,193.10000000000002,195.20000000000002,352.5
-34.250556,20.9925,20-02-2013,108.2,226.3,390.50000000000006
-28.44555556,32.325,18-04-2013,303.00000000000006,463.40000000000003,1122.4999999999998
-30.13573889,30.67422222,21-02-2013,383.90000000000003,398.3,762.0999999999999
-27.398611,26.614722,21-02-2013,206.7,208.7,375.90000000000003
-27.671111,27.236944,21-02-2013,213.9,215.9,383.0
-28.96362,19.15486,23-02-2013,3.3000000000000003,24.5,106.0
-28.735556,29.820556,25-02-2013,289.5,301.0,528.5
-26.45,28.085833,25-02-2013,272.3,275.6,468.20000000000005
-33.501667,21.624167,25-02-2013,87.4,143.3,253.50000000000003
-33.38056,19.30167,25-02-2013,43.7,269.70000000000005,492.5
-33.31388889,19.07472222,25-02-2013,40.1,275.40000000000003,505.5
-27.01011111,26.69808333,26-02-2013,212.20000000000002,213.8,395.1
-22.935,28.004167,26-02-2013,191.0,191.2,402.40000000000003
-23.763056,27.908611,26-02-2013,255.8,256.20000000000005,530.3
-22.548889,28.898056,26-02-2013,186.3,186.5,397.7
-22.91028,29.61111,26-02-2013,269.9,270.5,550.4
-25.127778,27.628889,26-02-2013,262.0,263.20000000000005,472.70000000000005
-25.20639,27.558,26-02-2013,262.1,263.3,477.20000000000005
-24.39619444,27.08983333,26-02-2013,246.40000000000003,247.10000000000002,499.3
-24.69514,27.40906,26-02-2013,269.70000000000005,270.6,512.0
-25.73411,27.21422,26-02-2013,272.70000000000005,274.9,504.4000000000001
-27.363611,31.783333,26-02-2013,236.9,277.4,532.9
-26.861111,28.884722,26-02-2013,283.4,288.9,496.0
-26.648056,27.089444,26-02-2013,237.2,239.3,432.20000000000005
-26.970278,27.211111,26-02-2013,236.0,238.10000000000002,424.29999999999995
-26.880278,26.965,26-02-2013,227.10000000000002,229.10000000000002,416.4
-26.98472222,26.63227778,26-02-2013,212.5,214.10000000000002,399.6
-33.7075,18.97444444,26-02-2013,51.900000000000006,379.70000000000005,690.3000000000001
-29.161667,23.696389,27-02-2013,104.80000000000001,112.5,241.79999999999995
-29.641944,30.6875,27-02-2013,335.3,346.8,583.9
-24.282222,28.090278,27-02-2013,301.0,301.70000000000005,606.9
-24.670833,28.560833,27-02-2013,345.20000000000005,346.3,597.4
-27.602222,29.942778,27-02-2013,325.90000000000003,339.20000000000005,582.4000000000001
-27.00222,28.76528,27-02-2013,288.40000000000003,293.90000000000003,497.7
-32.595833,19.009444,27-02-2013,24.6,154.1,299.59999999999997
-33.08883333,19.21878333,27-02-2013,34.6,203.10000000000002,386.3
-33.13083,18.86278,27-02-2013,31.5,227.5,430.40000000000003
-32.94583,18.33667,27-02-2013,23.6,177.79999999999998,338.90000000000003
-26.905,32.324722,28-02-2013,189.10000000000002,228.60000000000002,513.1
-34.092222,21.295278,28-02-2013,125.80000000000001,228.30000000000004,380.7
-27.902778,24.615556,01-03-2013,135.20000000000002,140.9,297.6
-25.99136,27.84208,04-03-2013,277.90000000000003,280.40000000000003,509.20000000000005
-26.73806,27.59194,04-03-2013,255.90000000000003,258.6,448.80000000000007
-26.45,28.085833,04-03-2013,272.3,275.6,468.20000000000005
-23.658056,31.05,05-03-2013,220.90000000000003,230.8,486.9000000000001
-23.281,30.54305556,05-03-2013,280.5,288.6,667.5
-27.169444,29.233889,05-03-2013,287.5,294.29999999999995,502.9000000000001
-26.861111,28.884722,05-03-2013,283.4,288.9,496.0
-27.398611,26.614722,05-03-2013,206.7,208.7,375.90000000000003
-28.69485,28.23487,05-03-2013,265.3,268.4,465.20000000000005
-28.883333,27.89,05-03-2013,262.9,265.7,464.9000000000001
-25.45963889,28.26430556,05-03-2013,278.1,280.5,493.40000000000003
-27.01011111,26.69808333,06-03-2013,212.20000000000002,213.8,395.1
-25.81048333,27.90955222,06-03-2013,271.1,273.20000000000005,499.6
-29.744167,29.905833,06-03-2013,382.6,388.2,711.1999999999998
-26.648056,27.089444,06-03-2013,237.2,239.3,432.20000000000005
-26.970278,27.211111,06-03-2013,236.0,238.10000000000002,424.29999999999995
-26.880278,26.965,06-03-2013,227.10000000000002,229.10000000000002,416.4
-26.98472222,26.63227778,06-03-2013,212.5,214.10000000000002,399.6
-29.160278,26.573333,06-03-2013,191.50000000000003,194.20000000000002,360.70000000000005
-29.615556,27.065278,06-03-2013,228.10000000000002,231.9,438.7
-34.031944,22.053333,06-03-2013,126.20000000000002,214.20000000000002,360.6000000000001
-34.039722,22.133333,06-03-2013,133.60000000000002,223.4,372.7
-30.830556,26.921389,07-03-2013,199.70000000000002,209.9,444.9
-28.75,30.442778,07-03-2013,273.8,290.1,503.8
-29.161667,30.629722,07-03-2013,330.3,357.5,653.3
-30.160091,27.40124,07-03-2013,246.4,251.9,485.4000000000001
-30.336111,27.359444,07-03-2013,246.0,253.20000000000002,499.30000000000007
-29.042222,24.6,08-03-2013,121.10000000000001,126.80000000000001,268.5
-31.000833,26.353056,08-03-2013,148.5,160.00000000000003,376.20000000000005
-30.679722,26.7125,08-03-2013,192.40000000000003,201.10000000000002,420.70000000000005
-34.005833,22.351111,08-03-2013,191.6,295.5,465.4
-28.735556,29.820556,11-03-2013,289.5,301.0,528.5
-26.970278,27.211111,11-03-2013,236.0,238.10000000000002,424.29999999999995
-26.45,28.085833,11-03-2013,272.3,275.6,468.20000000000005
-29.1825,23.575556,11-03-2013,98.9,109.4,235.0
-33.818056,19.694722,11-03-2013,57.400000000000006,278.40000000000003,497.7
-27.01011111,26.69808333,12-03-2013,212.20000000000002,213.8,395.1
-34.065833,20.404167,12-03-2013,68.2,197.10000000000005,360.3
-25.127778,27.628889,12-03-2013,262.0,263.20000000000005,472.70000000000005
-25.20639,27.558,12-03-2013,262.1,263.3,477.20000000000005
-24.69514,27.40906,12-03-2013,269.70000000000005,270.6,512.0
-28.747778,31.745833,12-03-2013,328.5,417.2,931.8
-28.404444,30.013056,12-03-2013,293.80000000000007,309.8,541.8
-29.380556,30.2775,12-03-2013,343.20000000000005,356.8,635.0
-26.861111,28.884722,12-03-2013,283.4,288.9,496.0
-26.648056,27.089444,12-03-2013,237.2,239.3,432.20000000000005
-26.880278,26.965,12-03-2013,227.10000000000002,229.10000000000002,416.4
-26.98472222,26.63227778,12-03-2013,212.5,214.10000000000002,399.6
-28.376944,24.303056,12-03-2013,125.5,132.2,285.20000000000005
-34.075556,20.145556,12-03-2013,65.5,218.7,399.9
-29.140556,31.391944,13-03-2013,339.5,430.20000000000005,951.5000000000001
-24.39619444,27.08983333,13-03-2013,246.40000000000003,247.10000000000002,499.3
-22.769722,30.886944,13-03-2013,273.8,283.5,617.5
-28.404444,30.013056,13-03-2013,293.80000000000007,309.8,541.8
-29.161667,30.629722,13-03-2013,330.3,357.5,653.3
-27.00222,28.76528,13-03-2013,288.40000000000003,293.90000000000003,497.7
-27.02314,28.59389,13-03-2013,289.9,295.0,492.30000000000007
-27.273889,28.49,13-03-2013,300.1,304.8,505.5
-27.4275,28.525833,13-03-2013,296.3,301.0,498.5
-27.3,28.586944,13-03-2013,297.20000000000005,302.20000000000005,502.8
-28.141944,26.417778,13-03-2013,184.9,187.5,341.5000000000001
-28.1175,26.719444,13-03-2013,193.10000000000002,195.20000000000002,352.5
-29.160278,26.573333,13-03-2013,191.50000000000003,194.20000000000002,360.70000000000005
-28.768056,20.720556,13-03-2013,27.200000000000003,52.00000000000001,141.1
-34.250556,20.9925,13-03-2013,108.2,226.3,390.50000000000006
-28.058889,30.373611,13-03-2013,319.1,341.70000000000005,598.2
-25.57877778,29.12747222,13-03-2013,313.6,317.6,567.4
-28.801278,31.955389,14-03-2013,302.20000000000005,416.3,995.3000000000001
-27.937778,31.209444,14-03-2013,302.5,345.6,611.6
-27.5275,30.858056,14-03-2013,370.80000000000007,402.1,721.3000000000002
-27.935,26.126667,14-03-2013,165.10000000000002,167.70000000000002,317.80000000000007
-28.1175,26.719444,14-03-2013,193.10000000000002,195.20000000000002,352.5
-27.902778,24.615556,14-03-2013,135.20000000000002,140.9,297.6
-29.042222,24.6,14-03-2013,121.10000000000001,126.80000000000001,268.5
-29.028629,24.638389,14-03-2013,122.4,128.10000000000002,271.3
-34.329722,18.990278,14-03-2013,83.7,452.5,798.7
-24.925278,29.324444,15-03-2013,306.90000000000003,309.70000000000005,556.4000000000001
-27.671111,27.236944,15-03-2013,213.9,215.9,383.0
-27.573056,24.746389,15-03-2013,144.7,148.60000000000002,311.70000000000005
-26.970278,27.211111,16-03-2013,236.0,238.10000000000002,424.29999999999995
-28.96362,19.15486,16-03-2013,3.3000000000000003,24.5,106.0
-33.08883333,19.21878333,16-03-2013,34.6,203.10000000000002,386.3
-26.648056,27.089444,23-04-2014,238.8,252.50000000000003,566.5
-26.648056,27.089444,01-05-2014,238.8,252.50000000000003,566.5
-25.99136,27.84208,18-03-2013,277.90000000000003,280.40000000000003,509.20000000000005
-29.7775,29.470833,18-03-2013,414.2,419.5,812.8
-29.744167,29.905833,18-03-2013,382.6,388.2,711.1999999999998
-26.970278,27.211111,18-03-2013,236.0,238.10000000000002,424.29999999999995
-26.73806,27.59194,18-03-2013,255.90000000000003,258.6,448.80000000000007
-26.45,28.085833,18-03-2013,272.3,275.6,468.20000000000005
-30.570833,29.150556,18-03-2013,322.20000000000005,328.90000000000003,670.2
-31.396,29.2651,18-03-2013,359.5,379.30000000000007,839.9000000000001
-31.554722,29.245556,18-03-2013,380.80000000000007,406.1,898.8000000000001
-27.01011111,26.69808333,19-03-2013,212.20000000000002,213.8,395.1
-30.733889,29.828333,19-03-2013,380.20000000000005,390.8,780.6000000000001
-29.987778,29.851667,19-03-2013,387.0,393.6,744.4000000000001
-26.861111,28.884722,19-03-2013,283.4,288.9,496.0
-27.00222,28.76528,19-03-2013,288.40000000000003,293.90000000000003,497.7
-26.648056,27.089444,19-03-2013,237.2,239.3,432.20000000000005
-26.880278,26.965,19-03-2013,227.10000000000002,229.10000000000002,416.4
-26.98472222,26.63227778,19-03-2013,212.5,214.10000000000002,399.6
-30.568333,29.422778,19-03-2013,327.3,334.5,687.9
-30.570833,29.150556,19-03-2013,322.20000000000005,328.90000000000003,670.2
-31.104278,29.399722,19-03-2013,353.5,366.5,785.9
-33.31388889,19.07472222,19-03-2013,40.1,275.40000000000003,505.5
-25.45963889,28.26430556,19-03-2013,278.1,280.5,493.40000000000003
-28.338333,31.373611,19-03-2013,328.70000000000005,387.4,727.5
-28.068333,31.55,19-03-2013,286.9,347.0,664.4000000000001
-29.161667,23.696389,20-03-2013,104.80000000000001,112.5,241.79999999999995
-25.81048333,27.90955222,20-03-2013,271.1,273.20000000000005,499.6
-24.058889,31.237222,20-03-2013,236.40000000000003,250.2,522.6
-30.13573889,30.67422222,20-03-2013,383.90000000000003,398.3,762.0999999999999
-30.398056,30.601944,20-03-2013,410.20000000000005,436.1,878.8
-30.27402,30.69602,20-03-2013,400.8,419.5,833.8000000000001
-27.38972222,26.46388889,20-03-2013,199.60000000000002,201.60000000000002,369.20000000000005
-28.1175,26.719444,20-03-2013,193.10000000000002,195.20000000000002,352.5
-31.031389,28.883333,20-03-2013,319.3,330.1,700.3
-30.86013889,29.07125,20-03-2013,316.1,324.80000000000007,679.1
-30.77586667,29.03221667,20-03-2013,314.5,322.70000000000005,668.2
-33.7075,18.97444444,20-03-2013,51.900000000000006,379.70000000000005,690.3000000000001
-24.183889,30.823889,21-03-2013,280.20000000000005,288.0,584.8
-28.44555556,32.325,16-05-2013,303.00000000000006,463.40000000000003,1122.4999999999998
-27.935,26.126667,21-03-2013,165.10000000000002,167.70000000000002,317.80000000000007
-28.1175,26.719444,21-03-2013,193.10000000000002,195.20000000000002,352.5
-27.398611,26.614722,21-03-2013,206.7,208.7,375.90000000000003
-24.679167,30.8025,22-03-2013,447.6,466.6,968.6000000000001
-29.744167,29.905833,22-03-2013,382.6,388.2,711.1999999999998
-28.116667,26.725278,22-03-2013,193.10000000000002,195.20000000000002,352.5
-29.803611,30.516111,22-03-2013,373.0,379.0,656.3000000000001
-26.45,28.085833,25-03-2013,272.3,275.6,468.20000000000005
-31.436944,20.474722,25-03-2013,27.9,63.7,144.90000000000003
-29.1825,23.575556,25-03-2013,98.9,109.4,235.0
-33.38056,19.30167,25-03-2013,43.7,269.70000000000005,492.5
-27.01011111,26.69808333,26-03-2013,212.20000000000002,213.8,395.1
-25.127778,27.628889,26-03-2013,262.0,263.20000000000005,472.70000000000005
-24.39619444,27.08983333,26-03-2013,246.40000000000003,247.10000000000002,499.3
-24.69514,27.40906,26-03-2013,269.70000000000005,270.6,512.0
-25.73411,27.21422,26-03-2013,272.70000000000005,274.9,504.4000000000001
-30.398056,30.601944,26-03-2013,410.20000000000005,436.1,878.8
-30.27402,30.69602,26-03-2013,400.8,419.5,833.8000000000001
-26.861111,28.884722,26-03-2013,283.4,288.9,496.0
-27.00222,28.76528,26-03-2013,288.40000000000003,293.90000000000003,497.7
-26.648056,27.089444,26-03-2013,237.2,239.3,432.20000000000005
-26.970278,27.211111,26-03-2013,236.0,238.10000000000002,424.29999999999995
-26.880278,26.965,26-03-2013,227.10000000000002,229.10000000000002,416.4
-26.98472222,26.63227778,26-03-2013,212.5,214.10000000000002,399.6
-29.651389,22.746389,26-03-2013,72.1,87.1,187.30000000000004
-29.1825,23.575556,26-03-2013,98.9,109.4,235.0
-32.595833,19.009444,26-03-2013,24.6,154.1,299.59999999999997
-33.08883333,19.21878333,26-03-2013,34.6,203.10000000000002,386.3
-29.161667,23.696389,27-03-2013,104.80000000000001,112.5,241.79999999999995
-29.641944,30.6875,27-03-2013,335.3,346.8,583.9
-25.20639,27.558,27-03-2013,262.1,263.3,477.20000000000005
-27.602222,29.942778,27-03-2013,325.90000000000003,339.20000000000005,582.4000000000001
-29.380556,30.2775,27-03-2013,343.20000000000005,356.8,635.0
-29.161667,30.629722,27-03-2013,330.3,357.5,653.3
-29.651389,22.746389,27-03-2013,72.1,87.1,187.30000000000004
-33.13083,18.86278,27-03-2013,31.5,227.5,430.40000000000003
-32.94583,18.33667,27-03-2013,23.6,177.79999999999998,338.90000000000003
-29.641944,30.6875,28-03-2013,335.3,346.8,583.9
-29.758889,30.935278,28-03-2013,337.20000000000005,376.20000000000005,705.5
-32.502778,19.535833,28-03-2013,18.5,104.5,220.8
-28.96362,19.15486,30-03-2013,3.3000000000000003,24.5,106.0
-25.99136,27.84208,02-04-2013,277.90000000000003,280.40000000000003,509.20000000000005
-26.73806,27.59194,02-04-2013,255.90000000000003,258.6,448.80000000000007
-26.45,28.085833,02-04-2013,272.3,275.6,468.20000000000005
-29.160278,26.573333,02-04-2013,191.50000000000003,194.20000000000002,360.70000000000005
-31.396,29.2651,02-04-2013,359.5,379.30000000000007,839.9000000000001
-31.554722,29.245556,02-04-2013,380.80000000000007,406.1,898.8000000000001
-27.01011111,26.69808333,03-04-2013,212.20000000000002,213.8,395.1
-29.744167,29.905833,03-04-2013,382.6,388.2,711.1999999999998
-26.861111,28.884722,03-04-2013,283.4,288.9,496.0
-26.98472222,26.63227778,03-04-2013,212.5,214.10000000000002,399.6
-27.398611,26.614722,03-04-2013,206.7,208.7,375.90000000000003
-27.671111,27.236944,03-04-2013,213.9,215.9,383.0
-30.568333,29.422778,03-04-2013,327.3,334.5,687.9
-31.104278,29.399722,03-04-2013,353.5,366.5,785.9
-34.031944,22.053333,03-04-2013,126.20000000000002,214.20000000000002,360.6000000000001
-25.45963889,28.26430556,03-04-2013,278.1,280.5,493.40000000000003
-25.81048333,27.90955222,04-04-2013,271.1,273.20000000000005,499.6
-28.75,30.442778,04-04-2013,273.8,290.1,503.8
-27.00222,28.76528,04-04-2013,288.40000000000003,293.90000000000003,497.7
-27.02314,28.59389,04-04-2013,289.9,295.0,492.30000000000007
-26.648056,27.089444,04-04-2013,237.2,239.3,432.20000000000005
-26.970278,27.211111,04-04-2013,236.0,238.10000000000002,424.29999999999995
-26.880278,26.965,04-04-2013,227.10000000000002,229.10000000000002,416.4
-27.273889,28.49,04-04-2013,300.1,304.8,505.5
-27.4275,28.525833,04-04-2013,296.3,301.0,498.5
-27.3,28.586944,04-04-2013,297.20000000000005,302.20000000000005,502.8
-30.570833,29.150556,04-04-2013,322.20000000000005,328.90000000000003,670.2
-31.031389,28.883333,05-04-2013,319.3,330.1,700.3
-30.86013889,29.07125,05-04-2013,316.1,324.80000000000007,679.1
-30.77586667,29.03221667,05-04-2013,314.5,322.70000000000005,668.2
-34.02861,22.22222,05-04-2013,153.70000000000002,249.00000000000003,403.70000000000005
-28.96362,19.15486,06-04-2013,3.3000000000000003,24.5,106.0
-27.3,28.586944,07-04-2013,297.20000000000005,302.20000000000005,502.8
-28.768056,20.720556,08-04-2013,27.200000000000003,52.00000000000001,141.1
-33.818056,19.694722,08-04-2013,57.400000000000006,278.40000000000003,497.7
-26.970278,27.211111,28-01-2013,236.0,238.10000000000002,424.29999999999995
-34.065833,20.404167,09-04-2013,68.2,197.10000000000005,360.3
-24.183889,30.823889,09-04-2013,280.20000000000005,288.0,584.8
-25.127778,27.628889,09-04-2013,262.0,263.20000000000005,472.70000000000005
-25.20639,27.558,09-04-2013,262.1,263.3,477.20000000000005
-24.69514,27.40906,09-04-2013,269.70000000000005,270.6,512.0
-28.747778,31.745833,09-04-2013,328.5,417.2,931.8
-28.801278,31.955389,09-04-2013,302.20000000000005,416.3,995.3000000000001
-27.3,28.586944,09-04-2013,297.20000000000005,302.20000000000005,502.8
-29.160278,26.573333,09-04-2013,191.50000000000003,194.20000000000002,360.70000000000005
-28.69485,28.23487,09-04-2013,265.3,268.4,465.20000000000005
-34.075556,20.145556,09-04-2013,65.5,218.7,399.9
-29.140556,31.391944,10-04-2013,339.5,430.20000000000005,951.5000000000001
-24.282222,28.090278,10-04-2013,301.0,301.70000000000005,606.9
-24.670833,28.560833,10-04-2013,345.20000000000005,346.3,597.4
-24.39619444,27.08983333,10-04-2013,246.40000000000003,247.10000000000002,499.3
-23.658056,31.05,10-04-2013,220.90000000000003,230.8,486.9000000000001
-27.937778,31.209444,10-04-2013,302.5,345.6,611.6
-28.404444,30.013056,10-04-2013,293.80000000000007,309.8,541.8
-29.380556,30.2775,10-04-2013,343.20000000000005,356.8,635.0
-26.970278,27.211111,16-07-2013,278.8,305.4,431.6
-26.45,28.085833,10-04-2013,272.3,275.6,468.20000000000005
-27.671111,27.236944,10-04-2013,213.9,215.9,383.0
-29.615556,27.065278,10-04-2013,228.10000000000002,231.9,438.7
-28.883333,27.89,10-04-2013,262.9,265.7,464.9000000000001
-34.092222,21.295278,10-04-2013,125.80000000000001,228.30000000000004,380.7
-28.058889,30.373611,10-04-2013,319.1,341.70000000000005,598.2
-27.01011111,26.69808333,11-04-2013,212.20000000000002,213.8,395.1
-30.830556,26.921389,11-04-2013,199.70000000000002,209.9,444.9
-23.23572222,27.717,11-04-2013,195.3,195.5,413.1
-22.769722,30.886944,11-04-2013,273.8,283.5,617.5
-28.801278,31.955389,11-04-2013,302.20000000000005,416.3,995.3000000000001
-26.861111,28.884722,11-04-2013,283.4,288.9,496.0
-27.00222,28.76528,11-04-2013,288.40000000000003,293.90000000000003,497.7
-26.970278,27.211111,11-04-2013,236.0,238.10000000000002,424.29999999999995
-26.880278,26.965,11-04-2013,227.10000000000002,229.10000000000002,416.4
-26.98472222,26.63227778,11-04-2013,212.5,214.10000000000002,399.6
-27.902778,24.615556,11-04-2013,135.20000000000002,140.9,297.6
-30.160091,27.40124,11-04-2013,246.4,251.9,485.4000000000001
-30.336111,27.359444,11-04-2013,246.0,253.20000000000002,499.30000000000007
-33.897778,20.012778,11-04-2013,58.10000000000001,213.9,391.40000000000003
-24.679167,30.8025,12-04-2013,447.6,466.6,968.6000000000001
-22.91028,29.61111,12-04-2013,269.9,270.5,550.4
-31.000833,26.353056,12-04-2013,148.5,160.00000000000003,376.20000000000005
-30.679722,26.7125,12-04-2013,192.40000000000003,201.10000000000002,420.70000000000005
-31.436944,20.474722,12-04-2013,27.9,63.7,144.90000000000003
-31.394444,20.947222,12-04-2013,33.5,59.60000000000001,136.9
-28.96362,19.15486,13-04-2013,3.3000000000000003,24.5,106.0
-25.81048333,27.90955222,15-04-2013,271.1,273.20000000000005,499.6
-25.99136,27.84208,15-04-2013,277.90000000000003,280.40000000000003,509.20000000000005
-29.7775,29.470833,15-04-2013,414.2,419.5,812.8
-29.987778,29.851667,15-04-2013,387.0,393.6,744.4000000000001
-29.744167,29.905833,15-04-2013,382.6,388.2,711.1999999999998
-26.45,28.085833,15-04-2013,272.3,275.6,468.20000000000005
-27.01011111,26.69808333,16-04-2013,212.20000000000002,213.8,395.1
-26.861111,28.884722,16-04-2013,283.4,288.9,496.0
-27.00222,28.76528,16-04-2013,288.40000000000003,293.90000000000003,497.7
-26.648056,27.089444,16-04-2013,237.2,239.3,432.20000000000005
-26.970278,27.211111,16-04-2013,236.0,238.10000000000002,424.29999999999995
-26.880278,26.965,16-04-2013,227.10000000000002,229.10000000000002,416.4
-26.98472222,26.63227778,16-04-2013,212.5,214.10000000000002,399.6
-28.883333,27.89,16-04-2013,262.9,265.7,464.9000000000001
-33.970833,22.548333,16-04-2013,230.90000000000003,341.20000000000005,524.5
-25.45963889,28.26430556,16-04-2013,278.1,280.5,493.40000000000003
-28.338333,31.373611,16-04-2013,328.70000000000005,387.4,727.5
-29.161667,23.696389,17-04-2013,104.80000000000001,112.5,241.79999999999995
-30.733889,29.828333,17-04-2013,380.20000000000005,390.8,780.6000000000001
-29.744167,29.905833,17-04-2013,382.6,388.2,711.1999999999998
-30.398056,30.601944,17-04-2013,410.20000000000005,436.1,878.8
-26.970278,27.211111,28-07-2014,283.1,307.6,534.4
-26.73806,27.59194,17-04-2013,255.90000000000003,258.6,448.80000000000007
-28.69485,28.23487,17-04-2013,265.3,268.4,465.20000000000005
-34.250556,20.9925,17-04-2013,108.2,226.3,390.50000000000006
-25.49037,30.6986,18-04-2013,376.40000000000003,395.20000000000005,745.0000000000001
-28.44555556,32.325,13-06-2013,303.00000000000006,463.40000000000003,1122.4999999999998
-30.27402,30.69602,18-04-2013,400.8,419.5,833.8000000000001
-29.042222,24.6,18-04-2013,121.10000000000001,126.80000000000001,268.5
-29.028629,24.638389,18-04-2013,122.4,128.10000000000002,271.3
-29.033333,23.983333,18-04-2013,115.3,123.5,260.6
-25.447222,30.711667,18-04-2013,367.70000000000005,386.3,729.1000000000001
-28.116667,26.725278,19-04-2013,193.10000000000002,195.20000000000002,352.5
-29.803611,30.516111,19-04-2013,373.0,379.0,656.3000000000001
-28.96362,19.15486,20-04-2013,3.3000000000000003,24.5,106.0
-25.20639,27.558,22-04-2013,262.1,263.3,477.20000000000005
-23.838611,31.640833,22-04-2013,206.4,221.4,465.6
-26.648056,27.089444,22-04-2013,237.2,239.3,432.20000000000005
-26.45,28.085833,22-04-2013,272.3,275.6,468.20000000000005
-33.38056,19.30167,22-04-2013,43.7,269.70000000000005,492.5
-32.502778,19.535833,22-04-2013,18.5,104.5,220.8
-31.860278,18.6875,23-04-2013,17.9,117.30000000000001,234.30000000000004
-25.127778,27.628889,23-04-2013,262.0,263.20000000000005,472.70000000000005
-24.69514,27.40906,23-04-2013,269.70000000000005,270.6,512.0
-28.735556,29.820556,23-04-2013,289.5,301.0,528.5
-27.00222,28.76528,23-04-2013,288.40000000000003,293.90000000000003,497.7
-26.970278,27.211111,23-04-2013,236.0,238.10000000000002,424.29999999999995
-26.880278,26.965,23-04-2013,227.10000000000002,229.10000000000002,416.4
-26.98472222,26.63227778,23-04-2013,212.5,214.10000000000002,399.6
-28.141944,26.417778,23-04-2013,184.9,187.5,341.5000000000001
-33.501667,21.624167,23-04-2013,87.4,143.3,253.50000000000003
-32.595833,19.009444,23-04-2013,24.6,154.1,299.59999999999997
-28.760833,17.730278,24-04-2013,3.6000000000000005,16.8,89.7
-29.161667,23.696389,24-04-2013,104.80000000000001,112.5,241.79999999999995
-29.641944,30.6875,24-04-2013,335.3,346.8,583.9
-27.363611,31.783333,24-04-2013,236.9,277.4,532.9
-28.141944,26.417778,24-04-2013,184.9,187.5,341.5000000000001
-33.08883333,19.21878333,24-04-2013,34.6,203.10000000000002,386.3
-33.31388889,19.07472222,24-04-2013,40.1,275.40000000000003,505.5
-33.13083,18.86278,24-04-2013,31.5,227.5,430.40000000000003
-32.94583,18.33667,24-04-2013,23.6,177.79999999999998,338.90000000000003
-26.905,32.324722,25-04-2013,189.10000000000002,228.60000000000002,513.1
-27.602222,29.942778,25-04-2013,325.90000000000003,339.20000000000005,582.4000000000001
-27.38972222,26.46388889,25-04-2013,199.60000000000002,201.60000000000002,369.20000000000005
-33.7075,18.97444444,25-04-2013,51.900000000000006,379.70000000000005,690.3000000000001
-33.464444,18.740556,25-04-2013,36.4,293.3,543.9
-33.72266667,18.61691667,25-04-2013,35.900000000000006,317.9,591.1
-27.356667,27.286389,25-04-2013,223.3,225.40000000000003,401.6
-27.902778,24.615556,26-04-2013,135.20000000000002,140.9,297.6
-28.068333,31.55,26-04-2013,286.9,347.0,664.4000000000001
-28.96362,19.15486,27-04-2013,3.3000000000000003,24.5,106.0
-26.45,28.085833,29-04-2013,272.3,275.6,468.20000000000005
-27.01011111,26.69808333,30-04-2013,212.20000000000002,213.8,395.1
-27.169444,29.233889,30-04-2013,287.5,294.29999999999995,502.9000000000001
-26.861111,28.884722,30-04-2013,283.4,288.9,496.0
-27.00222,28.76528,30-04-2013,288.40000000000003,293.90000000000003,497.7
-26.648056,27.089444,30-04-2013,237.2,239.3,432.20000000000005
-26.970278,27.211111,30-04-2013,236.0,238.10000000000002,424.29999999999995
-26.880278,26.965,30-04-2013,227.10000000000002,229.10000000000002,416.4
-26.98472222,26.63227778,30-04-2013,212.5,214.10000000000002,399.6
-25.45963889,28.26430556,30-04-2013,278.1,280.5,493.40000000000003
-29.161667,23.696389,01-05-2013,104.80000000000001,112.5,241.79999999999995
-25.81048333,27.90955222,01-05-2013,271.1,273.20000000000005,499.6
-28.75,30.442778,01-05-2013,273.8,290.1,503.8
-29.161667,30.629722,01-05-2013,330.3,357.5,653.3
-29.033333,23.983333,01-05-2013,115.3,123.5,260.6
-29.744167,29.905833,02-05-2013,382.6,388.2,711.1999999999998
-32.94583,18.33667,02-05-2013,23.6,177.79999999999998,338.90000000000003
-27.671111,27.236944,04-05-2013,213.9,215.9,383.0
-28.96362,19.15486,04-05-2013,3.3000000000000003,24.5,106.0
-26.45,28.085833,06-05-2013,272.3,275.6,468.20000000000005
-33.818056,19.694722,06-05-2013,57.400000000000006,278.40000000000003,497.7
-34.065833,20.404167,07-05-2013,68.2,197.10000000000005,360.3
-25.127778,27.628889,07-05-2013,262.0,263.20000000000005,472.70000000000005
-25.20639,27.558,07-05-2013,262.1,263.3,477.20000000000005
-24.69514,27.40906,07-05-2013,269.70000000000005,270.6,512.0
-23.658056,31.05,07-05-2013,220.90000000000003,230.8,486.9000000000001
-28.747778,31.745833,07-05-2013,328.5,417.2,931.8
-28.735556,29.820556,07-05-2013,289.5,301.0,528.5
-29.380556,30.2775,07-05-2013,343.20000000000005,356.8,635.0
-26.861111,28.884722,07-05-2013,283.4,288.9,496.0
-26.98472222,26.63227778,07-05-2013,212.5,214.10000000000002,399.6
-27.398611,26.614722,07-05-2013,206.7,208.7,375.90000000000003
-27.671111,27.236944,07-05-2013,213.9,215.9,383.0
-29.160278,26.573333,07-05-2013,191.50000000000003,194.20000000000002,360.70000000000005
-28.768056,20.720556,07-05-2013,27.200000000000003,52.00000000000001,141.1
-34.02861,22.22222,07-05-2013,153.70000000000002,249.00000000000003,403.70000000000005
-34.075556,20.145556,07-05-2013,65.5,218.7,399.9
-29.161667,23.696389,08-05-2013,104.80000000000001,112.5,241.79999999999995
-24.39619444,27.08983333,08-05-2013,246.40000000000003,247.10000000000002,499.3
-28.404444,30.013056,08-05-2013,293.80000000000007,309.8,541.8
-27.00222,28.76528,08-05-2013,288.40000000000003,293.90000000000003,497.7
-27.02314,28.59389,08-05-2013,289.9,295.0,492.30000000000007
-26.648056,27.089444,08-05-2013,237.2,239.3,432.20000000000005
-26.970278,27.211111,08-05-2013,236.0,238.10000000000002,424.29999999999995
-26.880278,26.965,08-05-2013,227.10000000000002,229.10000000000002,416.4
-27.273889,28.49,08-05-2013,300.1,304.8,505.5
-27.4275,28.525833,08-05-2013,296.3,301.0,498.5
-28.69485,28.23487,08-05-2013,265.3,268.4,465.20000000000005
-29.615556,27.065278,08-05-2013,228.10000000000002,231.9,438.7
-28.883333,27.89,08-05-2013,262.9,265.7,464.9000000000001
-30.77586667,29.03221667,08-05-2013,314.5,322.70000000000005,668.2
-31.396,29.2651,08-05-2013,359.5,379.30000000000007,839.9000000000001
-34.039722,22.133333,08-05-2013,133.60000000000002,223.4,372.7
-28.058889,30.373611,08-05-2013,319.1,341.70000000000005,598.2
-33.897778,20.012778,08-05-2013,58.10000000000001,213.9,391.40000000000003
-29.140556,31.391944,09-05-2013,339.5,430.20000000000005,951.5000000000001
-27.671111,27.236944,09-05-2013,213.9,215.9,383.0
-30.160091,27.40124,09-05-2013,246.4,251.9,485.4000000000001
-30.336111,27.359444,09-05-2013,246.0,253.20000000000002,499.30000000000007
-34.005833,22.351111,09-05-2013,191.6,295.5,465.4
-30.830556,26.921389,10-05-2013,199.70000000000002,209.9,444.9
-28.116667,26.725278,10-05-2013,193.10000000000002,195.20000000000002,352.5
-27.573056,24.746389,10-05-2013,144.7,148.60000000000002,311.70000000000005
-31.000833,26.353056,10-05-2013,148.5,160.00000000000003,376.20000000000005
-30.679722,26.7125,10-05-2013,192.40000000000003,201.10000000000002,420.70000000000005
-28.96362,19.15486,11-05-2013,3.3000000000000003,24.5,106.0
-25.99136,27.84208,13-05-2013,277.90000000000003,280.40000000000003,509.20000000000005
-29.7775,29.470833,13-05-2013,414.2,419.5,812.8
-29.744167,29.905833,13-05-2013,382.6,388.2,711.1999999999998
-26.45,28.085833,13-05-2013,272.3,275.6,468.20000000000005
-31.554722,29.245556,13-05-2013,380.80000000000007,406.1,898.8000000000001
-27.01011111,26.69808333,14-05-2013,212.20000000000002,213.8,395.1
-24.679167,30.8025,14-05-2013,447.6,466.6,968.6000000000001
-30.830556,26.921389,14-05-2013,199.70000000000002,209.9,444.9
-25.73411,27.21422,14-05-2013,272.70000000000005,274.9,504.4000000000001
-23.281,30.54305556,14-05-2013,280.5,288.6,667.5
-30.733889,29.828333,14-05-2013,380.20000000000005,390.8,780.6000000000001
-29.987778,29.851667,14-05-2013,387.0,393.6,744.4000000000001
-27.169444,29.233889,14-05-2013,287.5,294.29999999999995,502.9000000000001
-26.861111,28.884722,14-05-2013,283.4,288.9,496.0
-27.00222,28.76528,14-05-2013,288.40000000000003,293.90000000000003,497.7
-26.648056,27.089444,14-05-2013,237.2,239.3,432.20000000000005
-26.970278,27.211111,14-05-2013,236.0,238.10000000000002,424.29999999999995
-26.880278,26.965,14-05-2013,227.10000000000002,229.10000000000002,416.4
-26.98472222,26.63227778,14-05-2013,212.5,214.10000000000002,399.6
-31.000833,26.353056,14-05-2013,148.5,160.00000000000003,376.20000000000005
-31.104278,29.399722,14-05-2013,353.5,366.5,785.9
-25.45963889,28.26430556,14-05-2013,278.1,280.5,493.40000000000003
-28.338333,31.373611,14-05-2013,328.70000000000005,387.4,727.5
-28.068333,31.55,14-05-2013,286.9,347.0,664.4000000000001
-29.161667,23.696389,15-05-2013,104.80000000000001,112.5,241.79999999999995
-25.81048333,27.90955222,15-05-2013,271.1,273.20000000000005,499.6
-24.183889,30.823889,15-05-2013,280.20000000000005,288.0,584.8
-22.91028,29.61111,15-05-2013,269.9,270.5,550.4
-22.769722,30.886944,15-05-2013,273.8,283.5,617.5
-29.744167,29.905833,15-05-2013,382.6,388.2,711.1999999999998
-30.398056,30.601944,15-05-2013,410.20000000000005,436.1,878.8
-30.27402,30.69602,15-05-2013,400.8,419.5,833.8000000000001
-29.033333,23.983333,15-05-2013,115.3,123.5,260.6
-30.160091,27.40124,15-05-2013,246.4,251.9,485.4000000000001
-30.336111,27.359444,15-05-2013,246.0,253.20000000000002,499.30000000000007
-30.568333,29.422778,15-05-2013,327.3,334.5,687.9
-30.86013889,29.07125,15-05-2013,316.1,324.80000000000007,679.1
-30.570833,29.150556,15-05-2013,322.20000000000005,328.90000000000003,670.2
-34.092222,21.295278,15-05-2013,125.80000000000001,228.30000000000004,380.7
-23.23572222,27.717,16-05-2013,195.3,195.5,413.1
-22.548889,28.898056,16-05-2013,186.3,186.5,397.7
-28.44555556,32.325,08-08-2013,281.70000000000005,467.70000000000005,965.4
-30.13573889,30.67422222,16-05-2013,383.90000000000003,398.3,762.0999999999999
-29.160278,26.573333,16-05-2013,191.50000000000003,194.20000000000002,360.70000000000005
-31.031389,28.883333,16-05-2013,319.3,330.1,700.3
-22.225556,29.990556,17-05-2013,194.10000000000002,194.70000000000005,400.8
-22.43772222,31.07805556,17-05-2013,224.4,231.20000000000002,489.70000000000005
-26.98472222,26.63227778,17-05-2013,212.5,214.10000000000002,399.6
-29.803611,30.516111,17-05-2013,373.0,379.0,656.3000000000001
-33.38056,19.30167,20-05-2013,43.7,269.70000000000005,492.5
-32.502778,19.535833,20-05-2013,18.5,104.5,220.8
-27.01011111,26.69808333,21-05-2013,212.20000000000002,213.8,395.1
-31.860278,18.6875,21-05-2013,17.9,117.30000000000001,234.30000000000004
-24.69514,27.40906,21-05-2013,269.70000000000005,270.6,512.0
-25.398889,31.610556,21-05-2013,250.70000000000005,274.70000000000005,567.1
-26.648056,27.089444,21-05-2013,237.2,239.3,432.20000000000005
-26.970278,27.211111,21-05-2013,236.0,238.10000000000002,424.29999999999995
-26.880278,26.965,21-05-2013,227.10000000000002,229.10000000000002,416.4
-26.98472222,26.63227778,21-05-2013,212.5,214.10000000000002,399.6
-34.250556,20.9925,21-05-2013,108.2,226.3,390.50000000000006
-32.595833,19.009444,21-05-2013,24.6,154.1,299.59999999999997
-29.161667,23.696389,22-05-2013,104.80000000000001,112.5,241.79999999999995
-26.880278,26.965,13-05-2014,234.3,247.60000000000002,541.3000000000001
-29.641944,30.6875,22-05-2013,335.3,346.8,583.9
-25.20639,27.558,22-05-2013,262.1,263.3,477.20000000000005
-25.681111,31.783333,22-05-2013,244.0,268.1,557.6
-25.513889,31.224444,22-05-2013,344.70000000000005,370.1,728.0
-26.861111,28.884722,22-05-2013,283.4,288.9,496.0
-26.73806,27.59194,22-05-2013,255.90000000000003,258.6,448.80000000000007
-26.45,28.085833,22-05-2013,272.3,275.6,468.20000000000005
-33.13083,18.86278,22-05-2013,31.5,227.5,430.40000000000003
-33.7075,18.97444444,22-05-2013,51.900000000000006,379.70000000000005,690.3000000000001
-26.905,32.324722,23-05-2013,189.10000000000002,228.60000000000002,513.1
-27.602222,29.942778,23-05-2013,325.90000000000003,339.20000000000005,582.4000000000001
-27.169444,29.233889,23-05-2013,287.5,294.29999999999995,502.9000000000001
-27.00222,28.76528,23-05-2013,288.40000000000003,293.90000000000003,497.7
-27.273889,28.49,23-05-2013,300.1,304.8,505.5
-33.31388889,19.07472222,23-05-2013,40.1,275.40000000000003,505.5
-28.141944,26.417778,24-05-2013,184.9,187.5,341.5000000000001
-28.1175,26.719444,24-05-2013,193.10000000000002,195.20000000000002,352.5
-28.116667,26.725278,24-05-2013,193.10000000000002,195.20000000000002,352.5
-28.96362,19.15486,25-05-2013,3.3000000000000003,24.5,106.0
-25.99136,27.84208,27-05-2013,277.90000000000003,280.40000000000003,509.20000000000005
-26.45,28.085833,27-05-2013,272.3,275.6,468.20000000000005
-29.042222,24.6,27-05-2013,121.10000000000001,126.80000000000001,268.5
-30.830556,26.921389,28-05-2013,199.70000000000002,209.9,444.9
-24.670833,28.560833,28-05-2013,345.20000000000005,346.3,597.4
-25.73411,27.21422,28-05-2013,272.70000000000005,274.9,504.4000000000001
-26.861111,28.884722,28-05-2013,283.4,288.9,496.0
-27.00222,28.76528,28-05-2013,288.40000000000003,293.90000000000003,497.7
-30.679722,26.7125,28-05-2013,192.40000000000003,201.10000000000002,420.70000000000005
-33.501667,21.624167,28-05-2013,87.4,143.3,253.50000000000003
-25.45963889,28.26430556,28-05-2013,278.1,280.5,493.40000000000003
-29.161667,23.696389,29-05-2013,104.80000000000001,112.5,241.79999999999995
-27.01011111,26.69808333,29-05-2013,212.20000000000002,213.8,395.1
-25.81048333,27.90955222,29-05-2013,271.1,273.20000000000005,499.6
-24.282222,28.090278,29-05-2013,301.0,301.70000000000005,606.9
-26.648056,27.089444,29-05-2013,237.2,239.3,432.20000000000005
-26.970278,27.211111,29-05-2013,236.0,238.10000000000002,424.29999999999995
-26.880278,26.965,29-05-2013,227.10000000000002,229.10000000000002,416.4
-27.3,28.586944,29-05-2013,297.20000000000005,302.20000000000005,502.8
-26.98472222,26.63227778,29-05-2013,212.5,214.10000000000002,399.6
-29.033333,23.983333,29-05-2013,115.3,123.5,260.6
-22.935,28.004167,30-05-2013,191.0,191.2,402.40000000000003
-27.273889,28.49,30-05-2013,300.1,304.8,505.5
-27.38972222,26.46388889,30-05-2013,199.60000000000002,201.60000000000002,369.20000000000005
-27.398611,26.614722,30-05-2013,206.7,208.7,375.90000000000003
-27.671111,27.236944,30-05-2013,213.9,215.9,383.0
-29.042222,24.6,30-05-2013,121.10000000000001,126.80000000000001,268.5
-29.028629,24.638389,30-05-2013,122.4,128.10000000000002,271.3
-29.033333,23.983333,30-05-2013,115.3,123.5,260.6
-29.744167,29.905833,31-05-2013,382.6,388.2,711.1999999999998
-28.404444,30.013056,03-06-2013,293.80000000000007,309.8,541.8
-26.73806,27.59194,03-06-2013,255.90000000000003,258.6,448.80000000000007
-26.45,28.085833,03-06-2013,272.3,275.6,468.20000000000005
-29.160278,26.573333,03-06-2013,191.50000000000003,194.20000000000002,360.70000000000005
-34.065833,20.404167,04-06-2013,68.2,197.10000000000005,360.3
-25.20639,27.558,04-06-2013,262.1,263.3,477.20000000000005
-24.69514,27.40906,04-06-2013,269.70000000000005,270.6,512.0
-28.747778,31.745833,04-06-2013,328.5,417.2,931.8
-29.380556,30.2775,04-06-2013,343.20000000000005,356.8,635.0
-27.169444,29.233889,04-06-2013,287.5,294.29999999999995,502.9000000000001
-26.861111,28.884722,04-06-2013,283.4,288.9,496.0
-27.398611,26.614722,04-06-2013,206.7,208.7,375.90000000000003
-34.031944,22.053333,04-06-2013,126.20000000000002,214.20000000000002,360.6000000000001
-34.039722,22.133333,04-06-2013,133.60000000000002,223.4,372.7
-34.075556,20.145556,04-06-2013,65.5,218.7,399.9
-29.161667,23.696389,05-06-2013,104.80000000000001,112.5,241.79999999999995
-27.01011111,26.69808333,05-06-2013,212.20000000000002,213.8,395.1
-29.140556,31.391944,05-06-2013,339.5,430.20000000000005,951.5000000000001
-24.39619444,27.08983333,05-06-2013,246.40000000000003,247.10000000000002,499.3
-23.658056,31.05,05-06-2013,220.90000000000003,230.8,486.9000000000001
-23.281,30.54305556,05-06-2013,280.5,288.6,667.5
-27.00222,28.76528,05-06-2013,288.40000000000003,293.90000000000003,497.7
-27.02314,28.59389,05-06-2013,289.9,295.0,492.30000000000007
-26.648056,27.089444,05-06-2013,237.2,239.3,432.20000000000005
-26.970278,27.211111,05-06-2013,236.0,238.10000000000002,424.29999999999995
-26.880278,26.965,05-06-2013,227.10000000000002,229.10000000000002,416.4
-27.273889,28.49,05-06-2013,300.1,304.8,505.5
-27.4275,28.525833,05-06-2013,296.3,301.0,498.5
-27.3,28.586944,05-06-2013,297.20000000000005,302.20000000000005,502.8
-26.98472222,26.63227778,05-06-2013,212.5,214.10000000000002,399.6
-34.405833,19.600556,05-06-2013,74.2,320.7,584.1
-28.058889,30.373611,05-06-2013,319.1,341.70000000000005,598.2
-22.769722,30.886944,06-06-2013,273.8,283.5,617.5
-28.801278,31.955389,06-06-2013,302.20000000000005,416.3,995.3000000000001
-27.937778,31.209444,06-06-2013,302.5,345.6,611.6
-27.5275,30.858056,06-06-2013,370.80000000000007,402.1,721.3000000000002
-31.394444,20.947222,06-06-2013,33.5,59.60000000000001,136.9
-29.651389,22.746389,06-06-2013,72.1,87.1,187.30000000000004
-34.005833,22.351111,06-06-2013,191.6,295.5,465.4
-28.116667,26.725278,07-06-2013,193.10000000000002,195.20000000000002,352.5
-27.902778,24.615556,07-06-2013,135.20000000000002,140.9,297.6
-25.99136,27.84208,10-06-2013,277.90000000000003,280.40000000000003,509.20000000000005
-29.7775,29.470833,10-06-2013,414.2,419.5,812.8
-29.744167,29.905833,10-06-2013,382.6,388.2,711.1999999999998
-26.45,28.085833,10-06-2013,272.3,275.6,468.20000000000005
-27.671111,27.236944,10-06-2013,213.9,215.9,383.0
-29.042222,24.6,10-06-2013,121.10000000000001,126.80000000000001,268.5
-31.396,29.2651,10-06-2013,359.5,379.30000000000007,839.9000000000001
-31.554722,29.245556,10-06-2013,380.80000000000007,406.1,898.8000000000001
-27.01011111,26.69808333,11-06-2013,212.20000000000002,213.8,395.1
-24.183889,30.823889,11-06-2013,280.20000000000005,288.0,584.8
-30.733889,29.828333,11-06-2013,380.20000000000005,390.8,780.6000000000001
-26.861111,28.884722,11-06-2013,283.4,288.9,496.0
-27.00222,28.76528,11-06-2013,288.40000000000003,293.90000000000003,497.7
-26.648056,27.089444,11-06-2013,237.2,239.3,432.20000000000005
-26.970278,27.211111,11-06-2013,236.0,238.10000000000002,424.29999999999995
-26.880278,26.965,11-06-2013,227.10000000000002,229.10000000000002,416.4
-26.98472222,26.63227778,11-06-2013,212.5,214.10000000000002,399.6
-28.69485,28.23487,11-06-2013,265.3,268.4,465.20000000000005
-30.568333,29.422778,11-06-2013,327.3,334.5,687.9
-30.570833,29.150556,11-06-2013,322.20000000000005,328.90000000000003,670.2
-31.104278,29.399722,11-06-2013,353.5,366.5,785.9
-25.45963889,28.26430556,11-06-2013,278.1,280.5,493.40000000000003
-28.338333,31.373611,11-06-2013,328.70000000000005,387.4,727.5
-28.068333,31.55,11-06-2013,286.9,347.0,664.4000000000001
-25.81048333,27.90955222,12-06-2013,271.1,273.20000000000005,499.6
-24.39619444,27.08983333,12-06-2013,246.40000000000003,247.10000000000002,499.3
-24.058889,31.237222,12-06-2013,236.40000000000003,250.2,522.6
-30.398056,30.601944,12-06-2013,410.20000000000005,436.1,878.8
-27.802778,28.768333,12-06-2013,289.1,294.40000000000003,490.79999999999995
-29.033333,23.983333,12-06-2013,115.3,123.5,260.6
-29.615556,27.065278,12-06-2013,228.10000000000002,231.9,438.7
-28.883333,27.89,12-06-2013,262.9,265.7,464.9000000000001
-31.031389,28.883333,12-06-2013,319.3,330.1,700.3
-30.86013889,29.07125,12-06-2013,316.1,324.80000000000007,679.1
-30.77586667,29.03221667,12-06-2013,314.5,322.70000000000005,668.2
-34.092222,21.295278,12-06-2013,125.80000000000001,228.30000000000004,380.7
-28.44555556,32.325,05-09-2013,281.70000000000005,467.70000000000005,965.4
-24.679167,30.8025,14-06-2013,447.6,466.6,968.6000000000001
-29.744167,29.905833,14-06-2013,382.6,388.2,711.1999999999998
-26.98472222,26.63227778,14-06-2013,212.5,214.10000000000002,399.6
-29.803611,30.516111,14-06-2013,373.0,379.0,656.3000000000001
-28.96362,19.15486,15-06-2013,3.3000000000000003,24.5,106.0
-28.735556,29.820556,17-06-2013,289.5,301.0,528.5
-32.502778,19.535833,17-06-2013,18.5,104.5,220.8
-31.860278,18.6875,18-06-2013,17.9,117.30000000000001,234.30000000000004
-25.20639,27.558,18-06-2013,262.1,263.3,477.20000000000005
-24.39619444,27.08983333,18-06-2013,246.40000000000003,247.10000000000002,499.3
-24.69514,27.40906,18-06-2013,269.70000000000005,270.6,512.0
-26.73806,27.59194,18-06-2013,255.90000000000003,258.6,448.80000000000007
-26.45,28.085833,18-06-2013,272.3,275.6,468.20000000000005
-33.38056,19.30167,18-06-2013,43.7,269.70000000000005,492.5
-32.595833,19.009444,18-06-2013,24.6,154.1,299.59999999999997
-29.161667,23.696389,19-06-2013,104.80000000000001,112.5,241.79999999999995
-29.641944,30.6875,19-06-2013,335.3,346.8,583.9
-25.127778,27.628889,19-06-2013,262.0,263.20000000000005,472.70000000000005
-23.838611,31.640833,19-06-2013,206.4,221.4,465.6
-27.363611,31.783333,19-06-2013,236.9,277.4,532.9
-26.861111,28.884722,19-06-2013,283.4,288.9,496.0
-31.5653,18.3306,19-06-2013,12.5,104.0,204.8
-32.601389,18.750556,19-06-2013,25.1,162.6,318.2
-33.7075,18.97444444,19-06-2013,51.900000000000006,379.70000000000005,690.3000000000001
-29.161667,23.696389,20-06-2013,104.80000000000001,112.5,241.79999999999995
-28.7115,24.07288889,20-06-2013,116.0,123.2,269.7
-27.602222,29.942778,20-06-2013,325.90000000000003,339.20000000000005,582.4000000000001
-29.1825,23.575556,20-06-2013,98.9,109.4,235.0
-34.250556,20.9925,20-06-2013,108.2,226.3,390.50000000000006
-33.31388889,19.07472222,20-06-2013,40.1,275.40000000000003,505.5
-33.13083,18.86278,20-06-2013,31.5,227.5,430.40000000000003
-32.94583,18.33667,20-06-2013,23.6,177.79999999999998,338.90000000000003
-27.573056,24.746389,21-06-2013,144.7,148.60000000000002,311.70000000000005
-28.96362,19.15486,22-06-2013,3.3000000000000003,24.5,106.0
-29.803611,30.516111,22-06-2013,373.0,379.0,656.3000000000001
-25.99136,27.84208,24-06-2013,277.90000000000003,280.40000000000003,509.20000000000005
-26.45,28.085833,24-06-2013,272.3,275.6,468.20000000000005
-33.501667,21.624167,24-06-2013,87.4,143.3,253.50000000000003
-27.01011111,26.69808333,25-06-2013,212.20000000000002,213.8,395.1
-26.861111,28.884722,25-06-2013,283.4,288.9,496.0
-27.00222,28.76528,25-06-2013,288.40000000000003,293.90000000000003,497.7
-26.648056,27.089444,25-06-2013,237.2,239.3,432.20000000000005
-26.970278,27.211111,25-06-2013,236.0,238.10000000000002,424.29999999999995
-26.880278,26.965,25-06-2013,227.10000000000002,229.10000000000002,416.4
-26.98472222,26.63227778,25-06-2013,212.5,214.10000000000002,399.6
-29.042222,24.6,25-06-2013,121.10000000000001,126.80000000000001,268.5
-29.028629,24.638389,25-06-2013,122.4,128.10000000000002,271.3
-29.033333,23.983333,25-06-2013,115.3,123.5,260.6
-29.161667,23.696389,26-06-2013,104.80000000000001,112.5,241.79999999999995
-25.81048333,27.90955222,26-06-2013,271.1,273.20000000000005,499.6
-28.75,30.442778,26-06-2013,273.8,290.1,503.8
-29.161667,30.629722,26-06-2013,330.3,357.5,653.3
-28.141944,26.417778,26-06-2013,184.9,187.5,341.5000000000001
-28.1175,26.719444,26-06-2013,193.10000000000002,195.20000000000002,352.5
-28.116667,26.725278,26-06-2013,193.10000000000002,195.20000000000002,352.5
-29.160278,26.573333,26-06-2013,191.50000000000003,194.20000000000002,360.70000000000005
-29.033333,23.983333,26-06-2013,115.3,123.5,260.6
-27.38972222,26.46388889,27-06-2013,199.60000000000002,201.60000000000002,369.20000000000005
-27.398611,26.614722,27-06-2013,206.7,208.7,375.90000000000003
-27.671111,27.236944,27-06-2013,213.9,215.9,383.0
-28.760833,17.730278,28-06-2013,3.6000000000000005,16.8,89.7
-29.744167,29.905833,28-06-2013,382.6,388.2,711.1999999999998
-28.96362,19.15486,29-06-2013,3.3000000000000003,24.5,106.0
-26.73806,27.59194,01-07-2013,255.90000000000003,258.6,448.80000000000007
-26.45,28.085833,01-07-2013,272.3,275.6,468.20000000000005
-34.065833,20.404167,02-07-2013,68.2,197.10000000000005,360.3
-25.20639,27.558,02-07-2013,262.1,263.3,477.20000000000005
-24.69514,27.40906,02-07-2013,269.70000000000005,270.6,512.0
-28.747778,31.745833,02-07-2013,328.5,417.2,931.8
-27.937778,31.209444,02-07-2013,302.5,345.6,611.6
-29.380556,30.2775,02-07-2013,343.20000000000005,356.8,635.0
-27.169444,29.233889,02-07-2013,287.5,294.29999999999995,502.9000000000001
-26.861111,28.884722,02-07-2013,283.4,288.9,496.0
-27.398611,26.614722,02-07-2013,206.7,208.7,375.90000000000003
-28.69485,28.23487,02-07-2013,265.3,268.4,465.20000000000005
-34.031944,22.053333,02-07-2013,126.20000000000002,214.20000000000002,360.6000000000001
-34.075556,20.145556,02-07-2013,65.5,218.7,399.9
-29.161667,23.696389,03-07-2013,104.80000000000001,112.5,241.79999999999995
-27.01011111,26.69808333,03-07-2013,212.20000000000002,213.8,395.1
-25.127778,27.628889,03-07-2013,262.0,263.20000000000005,472.70000000000005
-24.39619444,27.08983333,03-07-2013,246.40000000000003,247.10000000000002,499.3
-27.00222,28.76528,03-07-2013,288.40000000000003,293.90000000000003,497.7
-27.02314,28.59389,03-07-2013,289.9,295.0,492.30000000000007
-26.648056,27.089444,03-07-2013,237.2,239.3,432.20000000000005
-26.970278,27.211111,03-07-2013,236.0,238.10000000000002,424.29999999999995
-26.880278,26.965,03-07-2013,227.10000000000002,229.10000000000002,416.4
-27.273889,28.49,03-07-2013,300.1,304.8,505.5
-27.4275,28.525833,03-07-2013,296.3,301.0,498.5
-27.3,28.586944,03-07-2013,297.20000000000005,302.20000000000005,502.8
-26.98472222,26.63227778,03-07-2013,212.5,214.10000000000002,399.6
-34.039722,22.133333,03-07-2013,133.60000000000002,223.4,372.7
-34.405833,19.600556,03-07-2013,74.2,320.7,584.1
-33.870833,20.003333,03-07-2013,56.400000000000006,212.10000000000002,386.6000000000001
-25.57877778,29.12747222,03-07-2013,313.6,317.6,567.4
-22.769722,30.886944,04-07-2013,273.8,283.5,617.5
-28.801278,31.955389,04-07-2013,302.20000000000005,416.3,995.3000000000001
-27.5275,30.858056,04-07-2013,370.80000000000007,402.1,721.3000000000002
-26.98472222,26.63227778,04-07-2013,212.5,214.10000000000002,399.6
-31.394444,20.947222,04-07-2013,33.5,59.60000000000001,136.9
-34.329722,18.990278,04-07-2013,83.7,452.5,798.7
-23.281,30.54305556,05-07-2013,280.5,288.6,667.5
-27.937778,31.209444,05-07-2013,302.5,345.6,611.6
-29.161667,30.629722,05-07-2013,330.3,357.5,653.3
-27.902778,24.615556,05-07-2013,135.20000000000002,140.9,297.6
-25.99136,27.84208,08-07-2013,277.90000000000003,280.40000000000003,509.20000000000005
-29.7775,29.470833,08-07-2013,414.2,419.5,812.8
-29.987778,29.851667,08-07-2013,387.0,393.6,744.4000000000001
-29.744167,29.905833,08-07-2013,382.6,388.2,711.1999999999998
-27.00222,28.76528,08-07-2013,288.40000000000003,293.90000000000003,497.7
-26.45,28.085833,08-07-2013,272.3,275.6,468.20000000000005
-27.01011111,26.69808333,09-07-2013,255.90000000000003,282.70000000000005,411.1
-24.670833,28.560833,09-07-2013,388.6,422.1,563.1999999999999
-30.733889,29.828333,09-07-2013,372.6,452.3,763.0
-26.648056,27.089444,09-07-2013,291.0,314.0,446.7
-26.970278,27.211111,09-07-2013,278.8,305.4,431.6
-26.880278,26.965,09-07-2013,274.0,299.5,429.3
-26.98472222,26.63227778,09-07-2013,260.0,286.0,417.6
-29.160278,26.573333,09-07-2013,187.8,223.3,346.1
-28.883333,27.89,09-07-2013,273.6,312.40000000000003,448.1
-31.396,29.2651,09-07-2013,340.90000000000003,437.1,829.5
-31.554722,29.245556,09-07-2013,358.1,463.6,889.5000000000001
-25.45963889,28.26430556,09-07-2013,333.20000000000005,359.40000000000003,480.5
-28.338333,31.373611,09-07-2013,314.5,437.00000000000006,617.3000000000001
-28.068333,31.55,09-07-2013,274.3,394.8,555.3
-25.81048333,27.90955222,10-07-2013,337.6,360.5,503.4000000000001
-22.225556,29.990556,10-07-2013,261.90000000000003,290.40000000000003,377.6
-30.398056,30.601944,10-07-2013,385.3,492.90000000000003,861.0000000000001
-30.27402,30.69602,10-07-2013,375.50000000000006,477.50000000000006,812.2000000000002
-28.69485,28.23487,10-07-2013,280.3,317.7,448.40000000000003
-29.615556,27.065278,10-07-2013,222.79999999999998,264.8,421.8
-30.568333,29.422778,10-07-2013,335.9,395.20000000000005,665.8
-30.570833,29.150556,10-07-2013,335.5,391.20000000000005,647.2
-31.104278,29.399722,10-07-2013,346.0,426.20000000000005,772.7
-34.092222,21.295278,10-07-2013,112.4,261.40000000000003,413.49999999999994
-24.282222,28.090278,11-07-2013,368.00000000000006,397.50000000000006,565.3
-30.13573889,30.67422222,11-07-2013,355.1,449.0,735.0
-30.160091,27.40124,11-07-2013,236.3,289.1,471.0
-30.336111,27.359444,11-07-2013,233.4,290.5,487.00000000000006
-31.031389,28.883333,11-07-2013,325.70000000000005,388.29999999999995,686.1
-30.86013889,29.07125,11-07-2013,322.90000000000003,381.70000000000005,663.2
-30.77586667,29.03221667,11-07-2013,325.1,380.6,651.2000000000002
-30.830556,26.921389,12-07-2013,191.9,239.5,439.9
-31.000833,26.353056,12-07-2013,149.8,184.90000000000003,375.5
-30.160091,27.40124,12-07-2013,236.3,289.1,471.0
-28.75,30.442778,13-07-2013,280.5,335.5,440.6
-28.735556,29.820556,15-07-2013,301.5,352.29999999999995,470.4
-26.73806,27.59194,15-07-2013,306.3,331.8,455.20000000000005
-26.45,28.085833,15-07-2013,323.2,350.2,467.7
-33.38056,19.30167,15-07-2013,60.7,270.5,516.5000000000001
-27.01011111,26.69808333,16-07-2013,255.90000000000003,282.70000000000005,411.1
-24.679167,30.8025,16-07-2013,499.1,582.0000000000001,840.3000000000001
-25.127778,27.628889,16-07-2013,320.20000000000005,339.80000000000007,472.6
-24.39619444,27.08983333,16-07-2013,302.3,324.20000000000005,498.50000000000006
-24.69514,27.40906,16-07-2013,329.6,352.5,508.80000000000007
-23.658056,31.05,16-07-2013,255.5,298.0,421.4
-27.169444,29.233889,16-07-2013,317.6,362.5,476.1
-26.861111,28.884722,16-07-2013,321.2,359.90000000000003,477.90000000000003
-27.00222,28.76528,16-07-2013,317.3,361.80000000000007,482.6000000000001
-26.648056,27.089444,16-07-2013,291.0,314.0,446.7
-26.880278,26.965,16-07-2013,274.0,299.5,429.3
-26.98472222,26.63227778,16-07-2013,260.0,286.0,417.6
-28.141944,26.417778,16-07-2013,201.70000000000002,228.8,337.70000000000005
-28.1175,26.719444,16-07-2013,208.8,237.1,347.8
-29.641944,30.6875,17-07-2013,301.1,370.6,528.7
-22.91028,29.61111,17-07-2013,337.9,375.0,499.8
-25.20639,27.558,17-07-2013,321.1,340.90000000000003,480.30000000000007
-24.058889,31.237222,17-07-2013,274.4,320.4,444.6
-27.363611,31.783333,17-07-2013,236.79999999999998,320.70000000000005,443.1
-27.38972222,26.46388889,17-07-2013,228.70000000000002,258.90000000000003,379.90000000000003
-28.768056,20.720556,17-07-2013,51.60000000000001,58.400000000000006,155.6
-33.13083,18.86278,17-07-2013,44.2,218.6,448.50000000000006
-32.94583,18.33667,17-07-2013,31.1,168.4,351.70000000000005
-22.935,28.004167,18-07-2013,253.8,273.8,382.1
-24.183889,30.823889,18-07-2013,322.20000000000005,362.4,507.9
-23.23572222,27.717,18-07-2013,256.20000000000005,277.4,392.6
-26.905,32.324722,18-07-2013,197.70000000000002,276.70000000000005,410.9000000000001
-27.602222,29.942778,18-07-2013,345.70000000000005,410.50000000000006,522.8
-29.744167,29.905833,18-07-2013,380.9,442.5,675.9
-27.935,26.126667,18-07-2013,187.3,213.5,319.70000000000005
-28.141944,26.417778,18-07-2013,201.70000000000002,228.8,337.70000000000005
-27.902778,24.615556,19-07-2013,177.10000000000002,194.3,308.1
-28.96362,19.15486,20-07-2013,27.300000000000004,34.6,128.3
-25.99136,27.84208,22-07-2013,345.70000000000005,370.30000000000007,515.1000000000001
-32.502778,19.535833,22-07-2013,28.3,101.2,233.90000000000003
-31.860278,18.6875,23-07-2013,26.4,110.40000000000002,247.90000000000003
-26.45,28.085833,23-07-2013,323.2,350.2,467.7
-28.141944,26.417778,23-07-2013,201.70000000000002,228.8,337.70000000000005
-28.1175,26.719444,23-07-2013,208.8,237.1,347.8
-32.595833,19.009444,23-07-2013,33.300000000000004,147.20000000000002,314.59999999999997
-25.45963889,28.26430556,23-07-2013,333.20000000000005,359.40000000000003,480.5
-29.161667,23.696389,24-07-2013,121.9,138.10000000000002,246.70000000000005
-25.81048333,27.90955222,24-07-2013,337.6,360.5,503.4000000000001
-26.861111,28.884722,24-07-2013,321.2,359.90000000000003,477.90000000000003
-27.00222,28.76528,24-07-2013,317.3,361.80000000000007,482.6000000000001
-26.970278,27.211111,24-07-2013,278.8,305.4,431.6
-27.671111,27.236944,24-07-2013,237.4,266.3,381.29999999999995
-33.501667,21.624167,24-07-2013,94.5,182.20000000000002,286.1
-33.7075,18.97444444,24-07-2013,61.300000000000004,362.50000000000006,710.9000000000001
-27.01011111,26.69808333,25-07-2013,255.90000000000003,282.70000000000005,411.1
-23.838611,31.640833,25-07-2013,236.7,283.40000000000003,393.6
-29.744167,29.905833,25-07-2013,380.9,442.5,675.9
-26.648056,27.089444,25-07-2013,291.0,314.0,446.7
-26.880278,26.965,25-07-2013,274.0,299.5,429.3
-27.38972222,26.46388889,25-07-2013,228.70000000000002,258.90000000000003,379.90000000000003
-26.98472222,26.63227778,25-07-2013,260.0,286.0,417.6
-27.398611,26.614722,25-07-2013,232.8,265.8,385.40000000000003
-33.31388889,19.07472222,25-07-2013,51.900000000000006,265.8,525.4000000000001
-29.140556,31.391944,29-07-2013,315.6,456.6,817.7
-34.065833,20.404167,30-07-2013,75.2,214.40000000000003,384.29999999999995
-25.127778,27.628889,30-07-2013,320.20000000000005,339.80000000000007,472.6
-25.20639,27.558,30-07-2013,321.1,340.90000000000003,480.30000000000007
-24.69514,27.40906,30-07-2013,329.6,352.5,508.80000000000007
-28.404444,30.013056,30-07-2013,304.70000000000005,366.20000000000005,479.6
-29.380556,30.2775,30-07-2013,341.5,406.30000000000007,576.3000000000001
-26.648056,27.089444,30-07-2013,291.0,314.0,446.7
-26.970278,27.211111,30-07-2013,278.8,305.4,431.6
-26.880278,26.965,30-07-2013,274.0,299.5,429.3
-26.98472222,26.63227778,30-07-2013,260.0,286.0,417.6
-29.160278,26.573333,30-07-2013,187.8,223.3,346.1
-28.69485,28.23487,30-07-2013,280.3,317.7,448.40000000000003
-28.883333,27.89,30-07-2013,273.6,312.40000000000003,448.1
-34.075556,20.145556,30-07-2013,77.2,236.2,424.9
-28.058889,30.373611,30-07-2013,328.6,403.1,525.3
-29.161667,23.696389,31-07-2013,121.9,138.10000000000002,246.70000000000005
-24.39619444,27.08983333,31-07-2013,302.3,324.20000000000005,498.50000000000006
-28.747778,31.745833,31-07-2013,307.4,439.70000000000005,803.4999999999999
-28.801278,31.955389,31-07-2013,281.1,429.6,863.9
-29.615556,27.065278,31-07-2013,222.79999999999998,264.8,421.8
-34.405833,19.600556,31-07-2013,91.10000000000001,336.0,612.8
-27.5275,30.858056,01-08-2013,384.7,477.7,622.4000000000001
-27.902778,24.615556,01-08-2013,177.10000000000002,194.3,308.1
-30.160091,27.40124,01-08-2013,236.3,289.1,471.0
-30.336111,27.359444,01-08-2013,233.4,290.5,487.00000000000006
-29.651389,22.746389,01-08-2013,83.60000000000001,98.6,195.70000000000005
-29.1825,23.575556,01-08-2013,115.30000000000001,131.4,240.5
-33.897778,20.012778,01-08-2013,68.9,226.1,414.0000000000001
-29.744167,29.905833,02-08-2013,380.9,442.5,675.9
-28.068333,31.55,03-08-2013,274.3,394.8,555.3
-25.99136,27.84208,05-08-2013,345.70000000000005,370.30000000000007,515.1000000000001
-29.7775,29.470833,05-08-2013,435.7,493.40000000000003,771.5
-29.987778,29.851667,05-08-2013,386.1,452.00000000000006,712.7
-29.744167,29.905833,05-08-2013,380.9,442.5,675.9
-26.45,28.085833,05-08-2013,323.2,350.2,467.7
-31.396,29.2651,05-08-2013,340.90000000000003,437.1,829.5
-31.554722,29.245556,05-08-2013,358.1,463.6,889.5000000000001
-27.169444,29.233889,06-08-2013,317.6,362.5,476.1
-30.570833,29.150556,06-08-2013,335.5,391.20000000000005,647.2
-31.104278,29.399722,06-08-2013,346.0,426.20000000000005,772.7
-25.45963889,28.26430556,06-08-2013,333.20000000000005,359.40000000000003,480.5
-28.338333,31.373611,06-08-2013,314.5,437.00000000000006,617.3000000000001
-28.068333,31.55,06-08-2013,274.3,394.8,555.3
-29.161667,23.696389,07-08-2013,121.9,138.10000000000002,246.70000000000005
-25.81048333,27.90955222,07-08-2013,337.6,360.5,503.4000000000001
-30.830556,26.921389,07-08-2013,191.9,239.5,439.9
-30.398056,30.601944,07-08-2013,385.3,492.90000000000003,861.0000000000001
-27.02314,28.59389,07-08-2013,316.40000000000003,362.7,480.8
-27.273889,28.49,07-08-2013,312.1,370.8,496.40000000000003
-27.4275,28.525833,07-08-2013,311.90000000000003,364.80000000000007,487.70000000000005
-27.3,28.586944,07-08-2013,312.1,367.8,490.7
-27.398611,26.614722,07-08-2013,232.8,265.8,385.40000000000003
-29.033333,23.983333,07-08-2013,135.6,153.6,265.6
-31.031389,28.883333,07-08-2013,325.70000000000005,388.29999999999995,686.1
-30.86013889,29.07125,07-08-2013,322.90000000000003,381.70000000000005,663.2
-30.77586667,29.03221667,07-08-2013,325.1,380.6,651.2000000000002
-27.01011111,26.69808333,08-08-2013,255.90000000000003,282.70000000000005,411.1
-28.44555556,32.325,01-10-2013,281.70000000000005,467.70000000000005,965.4
-26.648056,27.089444,08-08-2013,291.0,314.0,446.7
-26.970278,27.211111,08-08-2013,278.8,305.4,431.6
-26.98472222,26.63227778,08-08-2013,260.0,286.0,417.6
-27.573056,24.746389,08-08-2013,193.3,211.10000000000002,328.20000000000005
-31.000833,26.353056,08-08-2013,149.8,184.90000000000003,375.5
-30.679722,26.7125,08-08-2013,185.4,228.70000000000002,415.90000000000003
-30.570833,29.150556,08-08-2013,335.5,391.20000000000005,647.2
-25.57877778,29.12747222,08-08-2013,363.4,401.1,535.5
-29.803611,30.516111,09-08-2013,347.1,417.0,617.8000000000002
-28.735556,29.820556,12-08-2013,301.5,352.29999999999995,470.4
-26.73806,27.59194,12-08-2013,306.3,331.8,455.20000000000005
-26.45,28.085833,12-08-2013,323.2,350.2,467.7
-26.98472222,26.63227778,12-08-2013,260.0,286.0,417.6
-33.38056,19.30167,12-08-2013,60.7,270.5,516.5000000000001
-28.760833,17.730278,13-08-2013,18.6,29.6,105.00000000000001
-22.225556,29.990556,13-08-2013,261.90000000000003,290.40000000000003,377.6
-25.127778,27.628889,13-08-2013,320.20000000000005,339.80000000000007,472.6
-24.39619444,27.08983333,13-08-2013,302.3,324.20000000000005,498.50000000000006
-24.69514,27.40906,13-08-2013,329.6,352.5,508.80000000000007
-23.658056,31.05,13-08-2013,255.5,298.0,421.4
-23.281,30.54305556,13-08-2013,355.5,408.70000000000005,583.0
-27.169444,29.233889,13-08-2013,317.6,362.5,476.1
-27.00222,28.76528,13-08-2013,317.3,361.80000000000007,482.6000000000001
-26.970278,27.211111,13-08-2013,278.8,305.4,431.6
-29.1825,23.575556,13-08-2013,115.30000000000001,131.4,240.5
-34.039722,22.133333,13-08-2013,132.3,274.0,415.3
-34.02861,22.22222,13-08-2013,142.40000000000003,300.40000000000003,447.5
-31.5653,18.3306,13-08-2013,17.7,96.2,213.8
-29.161667,23.696389,14-08-2013,121.9,138.10000000000002,246.70000000000005
-27.01011111,26.69808333,14-08-2013,255.90000000000003,282.70000000000005,411.1
-29.641944,30.6875,14-08-2013,301.1,370.6,528.7
-24.183889,30.823889,14-08-2013,322.20000000000005,362.4,507.9
-25.20639,27.558,14-08-2013,321.1,340.90000000000003,480.30000000000007
-22.769722,30.886944,14-08-2013,354.5,402.90000000000003,551.3
-23.838611,31.640833,14-08-2013,236.7,283.40000000000003,393.6
-24.058889,31.237222,14-08-2013,274.4,320.4,444.6
-27.363611,31.783333,14-08-2013,236.79999999999998,320.70000000000005,443.1
-26.648056,27.089444,14-08-2013,291.0,314.0,446.7
-26.880278,26.965,14-08-2013,274.0,299.5,429.3
-27.38972222,26.46388889,14-08-2013,228.70000000000002,258.90000000000003,379.90000000000003
-26.98472222,26.63227778,14-08-2013,260.0,286.0,417.6
-28.141944,26.417778,14-08-2013,201.70000000000002,228.8,337.70000000000005
-28.1175,26.719444,14-08-2013,208.8,237.1,347.8
-29.033333,23.983333,14-08-2013,135.6,153.6,265.6
-28.768056,20.720556,14-08-2013,51.60000000000001,58.400000000000006,155.6
-34.092222,21.295278,14-08-2013,112.4,261.40000000000003,413.49999999999994
-33.13083,18.86278,14-08-2013,44.2,218.6,448.50000000000006
-26.905,32.324722,15-08-2013,197.70000000000002,276.70000000000005,410.9000000000001
-27.602222,29.942778,15-08-2013,345.70000000000005,410.50000000000006,522.8
-27.398611,26.614722,15-08-2013,232.8,265.8,385.40000000000003
-27.671111,27.236944,15-08-2013,237.4,266.3,381.29999999999995
-27.902778,24.615556,15-08-2013,177.10000000000002,194.3,308.1
-24.679167,30.8025,16-08-2013,499.1,582.0000000000001,840.3000000000001
-29.744167,29.905833,16-08-2013,380.9,442.5,675.9
-25.447222,30.711667,18-08-2013,394.1,467.8,633.8
-25.99136,27.84208,19-08-2013,345.70000000000005,370.30000000000007,515.1000000000001
-29.160278,26.573333,19-08-2013,187.8,223.3,346.1
-32.502778,19.535833,19-08-2013,28.3,101.2,233.90000000000003
-31.860278,18.6875,20-08-2013,26.4,110.40000000000002,247.90000000000003
-22.91028,29.61111,20-08-2013,337.9,375.0,499.8
-25.45963889,28.26430556,20-08-2013,333.20000000000005,359.40000000000003,480.5
-25.81048333,27.90955222,21-08-2013,337.6,360.5,503.4000000000001
-22.935,28.004167,21-08-2013,253.8,273.8,382.1
-26.03611,30.99778,21-08-2013,462.20000000000005,563.6999999999999,751.8
-28.75,30.442778,21-08-2013,280.5,335.5,440.6
-29.161667,30.629722,21-08-2013,314.9,398.0,564.1999999999999
-26.45,28.085833,21-08-2013,323.2,350.2,467.7
-27.671111,27.236944,21-08-2013,237.4,266.3,381.29999999999995
-33.7075,18.97444444,21-08-2013,61.300000000000004,362.50000000000006,710.9000000000001
-27.01011111,26.69808333,22-08-2013,255.90000000000003,282.70000000000005,411.1
-24.282222,28.090278,22-08-2013,368.00000000000006,397.50000000000006,565.3
-27.00222,28.76528,22-08-2013,317.3,361.80000000000007,482.6000000000001
-26.98472222,26.63227778,22-08-2013,260.0,286.0,417.6
-28.116667,26.725278,22-08-2013,208.8,237.1,347.8
-33.31388889,19.07472222,22-08-2013,51.900000000000006,265.8,525.4000000000001
-26.648056,27.089444,23-08-2013,291.0,314.0,446.7
-26.970278,27.211111,23-08-2013,278.8,305.4,431.6
-26.880278,26.965,23-08-2013,274.0,299.5,429.3
-30.398056,30.601944,24-08-2013,385.3,492.90000000000003,861.0000000000001
-24.99328,30.81444,26-08-2013,481.5,571.0,812.8000000000002
-29.380556,30.2775,26-08-2013,341.5,406.30000000000007,576.3000000000001
-26.73806,27.59194,26-08-2013,306.3,331.8,455.20000000000005
-26.45,28.085833,26-08-2013,323.2,350.2,467.7
-33.818056,19.694722,26-08-2013,67.1,280.3,519.9
-34.065833,20.404167,27-08-2013,75.2,214.40000000000003,384.29999999999995
-25.127778,27.628889,27-08-2013,320.20000000000005,339.80000000000007,472.6
-24.69514,27.40906,27-08-2013,329.6,352.5,508.80000000000007
-22.43772222,31.07805556,27-08-2013,300.6,334.9,444.40000000000003
-25.681111,31.783333,27-08-2013,260.70000000000005,325.3,453.00000000000006
-25.67386,31.57527,27-08-2013,287.0,359.0,497.59999999999997
-28.747778,31.745833,27-08-2013,307.4,439.70000000000005,803.4999999999999
-27.169444,29.233889,27-08-2013,317.6,362.5,476.1
-27.00222,28.76528,27-08-2013,317.3,361.80000000000007,482.6000000000001
-27.273889,28.49,27-08-2013,312.1,370.8,496.40000000000003
-29.042222,24.6,27-08-2013,144.60000000000002,163.70000000000002,273.00000000000006
-29.028629,24.638389,27-08-2013,147.20000000000002,166.5,275.8
-29.033333,23.983333,27-08-2013,135.6,153.6,265.6
-28.760833,17.730278,28-08-2013,18.6,29.6,105.00000000000001
-29.161667,23.696389,28-08-2013,121.9,138.10000000000002,246.70000000000005
-25.436111,31.982222,28-08-2013,241.10000000000002,306.2,448.6
-23.838611,31.640833,28-08-2013,236.7,283.40000000000003,393.6
-25.398889,31.610556,28-08-2013,267.70000000000005,332.6,469.90000000000003
-25.14944444,31.94055556,28-08-2013,236.3,298.20000000000005,431.3
-28.801278,31.955389,28-08-2013,281.1,429.6,863.9
-27.937778,31.209444,28-08-2013,298.9,399.0,518.8000000000001
-28.69485,28.23487,28-08-2013,280.3,317.7,448.40000000000003
-28.883333,27.89,28-08-2013,273.6,312.40000000000003,448.1
-34.405833,19.600556,28-08-2013,91.10000000000001,336.0,612.8
-28.058889,30.373611,28-08-2013,328.6,403.1,525.3
-27.5275,30.858056,29-08-2013,384.7,477.7,622.4000000000001
-26.970278,27.211111,29-08-2013,278.8,305.4,431.6
-33.501667,21.624167,29-08-2013,94.5,182.20000000000002,286.1
-34.075556,20.145556,29-08-2013,77.2,236.2,424.9
-33.897778,20.012778,29-08-2013,68.9,226.1,414.0000000000001
-27.01011111,26.69808333,30-08-2013,255.90000000000003,282.70000000000005,411.1
-29.744167,29.905833,30-08-2013,380.9,442.5,675.9
-26.648056,27.089444,30-08-2013,291.0,314.0,446.7
-26.880278,26.965,30-08-2013,274.0,299.5,429.3
-26.98472222,26.63227778,30-08-2013,260.0,286.0,417.6
-25.99136,27.84208,02-09-2013,345.70000000000005,370.30000000000007,515.1000000000001
-30.733889,29.828333,02-09-2013,372.6,452.3,763.0
-29.7775,29.470833,02-09-2013,435.7,493.40000000000003,771.5
-29.987778,29.851667,02-09-2013,386.1,452.00000000000006,712.7
-29.744167,29.905833,02-09-2013,380.9,442.5,675.9
-26.45,28.085833,02-09-2013,323.2,350.2,467.7
-27.671111,27.236944,02-09-2013,237.4,266.3,381.29999999999995
-31.396,29.2651,02-09-2013,340.90000000000003,437.1,829.5
-31.554722,29.245556,02-09-2013,358.1,463.6,889.5000000000001
-25.73411,27.21422,03-09-2013,349.8,370.3,525.2
-27.398611,26.614722,03-09-2013,232.8,265.8,385.40000000000003
-29.160278,26.573333,03-09-2013,187.8,223.3,346.1
-30.568333,29.422778,03-09-2013,335.9,395.20000000000005,665.8
-30.570833,29.150556,03-09-2013,335.5,391.20000000000005,647.2
-31.104278,29.399722,03-09-2013,346.0,426.20000000000005,772.7
-25.45963889,28.26430556,03-09-2013,333.20000000000005,359.40000000000003,480.5
-28.338333,31.373611,03-09-2013,314.5,437.00000000000006,617.3000000000001
-27.495556,26.074722,03-09-2013,210.79999999999998,234.1,357.1
-29.161667,23.696389,04-09-2013,121.9,138.10000000000002,246.70000000000005
-27.01011111,26.69808333,04-09-2013,255.90000000000003,282.70000000000005,411.1
-25.81048333,27.90955222,04-09-2013,337.6,360.5,503.4000000000001
-23.658056,31.05,04-09-2013,255.5,298.0,421.4
-25.49037,30.6986,04-09-2013,404.5,479.30000000000007,648.6
-27.00222,28.76528,04-09-2013,317.3,361.80000000000007,482.6000000000001
-26.648056,27.089444,04-09-2013,291.0,314.0,446.7
-26.970278,27.211111,04-09-2013,278.8,305.4,431.6
-26.880278,26.965,04-09-2013,274.0,299.5,429.3
-27.273889,28.49,04-09-2013,312.1,370.8,496.40000000000003
-27.3,28.586944,04-09-2013,312.1,367.8,490.7
-26.98472222,26.63227778,04-09-2013,260.0,286.0,417.6
-29.033333,23.983333,04-09-2013,135.6,153.6,265.6
-30.336111,27.359444,04-09-2013,233.4,290.5,487.00000000000006
-29.615556,27.065278,04-09-2013,222.79999999999998,264.8,421.8
-31.031389,28.883333,04-09-2013,325.70000000000005,388.29999999999995,686.1
-30.86013889,29.07125,04-09-2013,322.90000000000003,381.70000000000005,663.2
-30.77586667,29.03221667,04-09-2013,325.1,380.6,651.2000000000002
-34.031944,22.053333,04-09-2013,126.9,263.5,402.00000000000006
-34.039722,22.133333,04-09-2013,132.3,274.0,415.3
-33.08883333,19.21878333,04-09-2013,52.5,206.8,408.90000000000003
-30.830556,26.921389,05-09-2013,191.9,239.5,439.9
-28.44555556,32.325,03-10-2013,281.70000000000005,467.70000000000005,965.4
-29.744167,29.905833,05-09-2013,380.9,442.5,675.9
-30.13573889,30.67422222,05-09-2013,355.1,449.0,735.0
-29.160278,26.573333,05-09-2013,187.8,223.3,346.1
-30.679722,26.7125,05-09-2013,185.4,228.70000000000002,415.90000000000003
-30.160091,27.40124,05-09-2013,236.3,289.1,471.0
-34.02861,22.22222,05-09-2013,142.40000000000003,300.40000000000003,447.5
-24.058889,31.237222,06-09-2013,274.4,320.4,444.6
-27.573056,24.746389,06-09-2013,193.3,211.10000000000002,328.20000000000005
-31.000833,26.353056,06-09-2013,149.8,184.90000000000003,375.5
-29.803611,30.516111,06-09-2013,347.1,417.0,617.8000000000002
-28.735556,29.820556,09-09-2013,301.5,352.29999999999995,470.4
-26.73806,27.59194,09-09-2013,306.3,331.8,455.20000000000005
-26.45,28.085833,09-09-2013,323.2,350.2,467.7
-33.38056,19.30167,09-09-2013,60.7,270.5,516.5000000000001
-32.502778,19.535833,09-09-2013,28.3,101.2,233.90000000000003
-34.005833,22.351111,09-09-2013,166.9,354.59999999999997,514.7
-31.860278,18.6875,10-09-2013,26.4,110.40000000000002,247.90000000000003
-25.127778,27.628889,10-09-2013,320.20000000000005,339.80000000000007,472.6
-24.69514,27.40906,10-09-2013,329.6,352.5,508.80000000000007
-22.769722,30.886944,10-09-2013,354.5,402.90000000000003,551.3
-23.281,30.54305556,10-09-2013,355.5,408.70000000000005,583.0
-27.802778,28.768333,10-09-2013,312.3,354.9,472.6
-32.595833,19.009444,10-09-2013,33.300000000000004,147.20000000000002,314.59999999999997
-29.161667,23.696389,11-09-2013,121.9,138.10000000000002,246.70000000000005
-27.01011111,26.69808333,11-09-2013,255.90000000000003,282.70000000000005,411.1
-29.641944,30.6875,11-09-2013,301.1,370.6,528.7
-25.20639,27.558,11-09-2013,321.1,340.90000000000003,480.30000000000007
-27.363611,31.783333,11-09-2013,236.79999999999998,320.70000000000005,443.1
-26.970278,27.211111,11-09-2013,278.8,305.4,431.6
-26.880278,26.965,11-09-2013,274.0,299.5,429.3
-26.98472222,26.63227778,11-09-2013,260.0,286.0,417.6
-28.768056,20.720556,11-09-2013,51.60000000000001,58.400000000000006,155.6
-34.092222,21.295278,11-09-2013,112.4,261.40000000000003,413.49999999999994
-33.13083,18.86278,11-09-2013,44.2,218.6,448.50000000000006
-33.7075,18.97444444,11-09-2013,61.300000000000004,362.50000000000006,710.9000000000001
-32.94583,18.33667,11-09-2013,31.1,168.4,351.70000000000005
-26.905,32.324722,12-09-2013,197.70000000000002,276.70000000000005,410.9000000000001
-27.602222,29.942778,12-09-2013,345.70000000000005,410.50000000000006,522.8
-33.31388889,19.07472222,12-09-2013,51.900000000000006,265.8,525.4000000000001
-26.98472222,26.63227778,13-09-2013,260.0,286.0,417.6
-27.902778,24.615556,13-09-2013,177.10000000000002,194.3,308.1
-25.99136,27.84208,16-09-2013,345.70000000000005,370.30000000000007,515.1000000000001
-26.03611,30.99778,16-09-2013,462.20000000000005,563.6999999999999,751.8
-26.45,28.085833,16-09-2013,323.2,350.2,467.7
-25.447222,30.711667,16-09-2013,394.1,467.8,633.8
-28.760833,17.730278,17-09-2013,18.6,29.6,105.00000000000001
-27.01011111,26.69808333,17-09-2013,255.90000000000003,282.70000000000005,411.1
-25.73411,27.21422,17-09-2013,349.8,370.3,525.2
-27.00222,28.76528,17-09-2013,317.3,361.80000000000007,482.6000000000001
-26.648056,27.089444,17-09-2013,291.0,314.0,446.7
-26.970278,27.211111,17-09-2013,278.8,305.4,431.6
-26.880278,26.965,17-09-2013,274.0,299.5,429.3
-26.98472222,26.63227778,17-09-2013,260.0,286.0,417.6
-29.042222,24.6,17-09-2013,144.60000000000002,163.70000000000002,273.00000000000006
-29.028629,24.638389,17-09-2013,147.20000000000002,166.5,275.8
-29.033333,23.983333,17-09-2013,135.6,153.6,265.6
-25.45963889,28.26430556,17-09-2013,333.20000000000005,359.40000000000003,480.5
-25.57877778,29.12747222,17-09-2013,363.4,401.1,535.5
-28.760833,17.730278,18-09-2013,18.6,29.6,105.00000000000001
-29.161667,23.696389,18-09-2013,121.9,138.10000000000002,246.70000000000005
-25.81048333,27.90955222,18-09-2013,337.6,360.5,503.4000000000001
-25.398889,31.610556,18-09-2013,267.70000000000005,332.6,469.90000000000003
-27.935,26.126667,18-09-2013,187.3,213.5,319.70000000000005
-27.671111,27.236944,18-09-2013,237.4,266.3,381.29999999999995
-29.033333,23.983333,18-09-2013,135.6,153.6,265.6
-28.75,30.442778,19-09-2013,280.5,335.5,440.6
-27.38972222,26.46388889,19-09-2013,228.70000000000002,258.90000000000003,379.90000000000003
-34.250556,20.9925,19-09-2013,102.10000000000001,252.90000000000003,420.40000000000003
-29.744167,29.905833,20-09-2013,380.9,442.5,675.9
-27.671111,27.236944,20-09-2013,237.4,266.3,381.29999999999995
-27.573056,24.746389,20-09-2013,193.3,211.10000000000002,328.20000000000005
-28.760833,17.730278,23-09-2013,18.6,29.6,105.00000000000001
-29.380556,30.2775,23-09-2013,341.5,406.30000000000007,576.3000000000001
-33.818056,19.694722,23-09-2013,67.1,280.3,519.9
-34.065833,20.404167,24-09-2013,75.2,214.40000000000003,384.29999999999995
-24.670833,28.560833,24-09-2013,388.6,422.1,563.1999999999999
-25.681111,31.783333,24-09-2013,260.70000000000005,325.3,453.00000000000006
-25.67386,31.57527,24-09-2013,287.0,359.0,497.59999999999997
-28.747778,31.745833,24-09-2013,307.4,439.70000000000005,803.4999999999999
-29.140556,31.391944,25-09-2013,315.6,456.6,817.7
-25.127778,27.628889,25-09-2013,320.20000000000005,339.80000000000007,472.6
-24.69514,27.40906,25-09-2013,329.6,352.5,508.80000000000007
-27.937778,31.209444,25-09-2013,298.9,399.0,518.8000000000001
-28.404444,30.013056,25-09-2013,304.70000000000005,366.20000000000005,479.6
-26.73806,27.59194,25-09-2013,306.3,331.8,455.20000000000005
-26.45,28.085833,25-09-2013,323.2,350.2,467.7
-33.501667,21.624167,25-09-2013,94.5,182.20000000000002,286.1
-27.01011111,26.69808333,26-09-2013,255.90000000000003,282.70000000000005,411.1
-22.225556,29.990556,26-09-2013,261.90000000000003,290.40000000000003,377.6
-25.436111,31.982222,26-09-2013,241.10000000000002,306.2,448.6
-25.20639,27.558,26-09-2013,321.1,340.90000000000003,480.30000000000007
-28.801278,31.955389,26-09-2013,281.1,429.6,863.9
-27.169444,29.233889,26-09-2013,317.6,362.5,476.1
-27.00222,28.76528,26-09-2013,317.3,361.80000000000007,482.6000000000001
-26.648056,27.089444,26-09-2013,291.0,314.0,446.7
-26.970278,27.211111,26-09-2013,278.8,305.4,431.6
-26.880278,26.965,26-09-2013,274.0,299.5,429.3
-28.141944,26.417778,26-09-2013,201.70000000000002,228.8,337.70000000000005
-28.058889,30.373611,26-09-2013,328.6,403.1,525.3
-26.861111,28.884722,27-09-2013,321.2,359.90000000000003,477.90000000000003
-27.902778,24.615556,27-09-2013,177.10000000000002,194.3,308.1
-25.99136,27.84208,30-09-2013,345.70000000000005,370.30000000000007,515.1000000000001
-29.7775,29.470833,30-09-2013,435.7,493.40000000000003,771.5
-29.987778,29.851667,30-09-2013,386.1,452.00000000000006,712.7
-29.744167,29.905833,30-09-2013,380.9,442.5,675.9
-26.45,28.085833,30-09-2013,323.2,350.2,467.7
-31.396,29.2651,30-09-2013,340.90000000000003,437.1,829.5
-31.554722,29.245556,30-09-2013,358.1,463.6,889.5000000000001
-24.183889,30.823889,01-10-2013,322.20000000000005,362.4,507.9
-25.73411,27.21422,01-10-2013,349.8,370.3,525.2
-28.44555556,32.325,31-10-2013,281.70000000000005,467.70000000000005,965.4
-27.671111,27.236944,01-10-2013,237.4,266.3,381.29999999999995
-30.568333,29.422778,01-10-2013,335.9,395.20000000000005,665.8
-30.570833,29.150556,01-10-2013,335.5,391.20000000000005,647.2
-31.104278,29.399722,01-10-2013,346.0,426.20000000000005,772.7
-34.031944,22.053333,01-10-2013,126.9,263.5,402.00000000000006
-34.005833,22.351111,01-10-2013,166.9,354.59999999999997,514.7
-25.45963889,28.26430556,01-10-2013,333.20000000000005,359.40000000000003,480.5
-28.068333,31.55,01-10-2013,274.3,394.8,555.3
-29.161667,23.696389,02-10-2013,121.9,138.10000000000002,246.70000000000005
-27.01011111,26.69808333,02-10-2013,255.90000000000003,282.70000000000005,411.1
-25.81048333,27.90955222,02-10-2013,337.6,360.5,503.4000000000001
-24.058889,31.237222,02-10-2013,274.4,320.4,444.6
-30.733889,29.828333,02-10-2013,372.6,452.3,763.0
-30.398056,30.601944,02-10-2013,385.3,492.90000000000003,861.0000000000001
-27.00222,28.76528,02-10-2013,317.3,361.80000000000007,482.6000000000001
-27.02314,28.59389,02-10-2013,316.40000000000003,362.7,480.8
-27.273889,28.49,02-10-2013,312.1,370.8,496.40000000000003
-27.3,28.586944,02-10-2013,312.1,367.8,490.7
-27.802778,28.768333,02-10-2013,312.3,354.9,472.6
-26.98472222,26.63227778,02-10-2013,260.0,286.0,417.6
-27.398611,26.614722,02-10-2013,232.8,265.8,385.40000000000003
-27.671111,27.236944,02-10-2013,237.4,266.3,381.29999999999995
-29.160278,26.573333,02-10-2013,187.8,223.3,346.1
-29.615556,27.065278,02-10-2013,222.79999999999998,264.8,421.8
-28.883333,27.89,02-10-2013,273.6,312.40000000000003,448.1
-31.031389,28.883333,02-10-2013,325.70000000000005,388.29999999999995,686.1
-30.86013889,29.07125,02-10-2013,322.90000000000003,381.70000000000005,663.2
-30.77586667,29.03221667,02-10-2013,325.1,380.6,651.2000000000002
-34.039722,22.133333,02-10-2013,132.3,274.0,415.3
-34.02861,22.22222,02-10-2013,142.40000000000003,300.40000000000003,447.5
-27.495556,26.074722,02-10-2013,210.79999999999998,234.1,357.1
-28.44555556,32.325,16-01-2014,323.5,444.1,994.8
-29.744167,29.905833,03-10-2013,380.9,442.5,675.9
-26.648056,27.089444,03-10-2013,291.0,314.0,446.7
-26.970278,27.211111,03-10-2013,278.8,305.4,431.6
-26.880278,26.965,03-10-2013,274.0,299.5,429.3
-27.3,28.586944,03-10-2013,312.1,367.8,490.7
-30.160091,27.40124,03-10-2013,236.3,289.1,471.0
-30.336111,27.359444,03-10-2013,233.4,290.5,487.00000000000006
-29.615556,27.065278,03-10-2013,222.79999999999998,264.8,421.8
-30.830556,26.921389,04-10-2013,191.9,239.5,439.9
-30.679722,26.7125,04-10-2013,185.4,228.70000000000002,415.90000000000003
-29.803611,30.516111,04-10-2013,347.1,417.0,617.8000000000002
-26.73806,27.59194,07-10-2013,306.3,331.8,455.20000000000005
-26.45,28.085833,07-10-2013,323.2,350.2,467.7
-31.436944,20.474722,07-10-2013,51.8,80.5,173.8
-29.1825,23.575556,07-10-2013,115.30000000000001,131.4,240.5
-33.38056,19.30167,07-10-2013,60.7,270.5,516.5000000000001
-32.502778,19.535833,07-10-2013,28.3,101.2,233.90000000000003
-31.860278,18.6875,08-10-2013,26.4,110.40000000000002,247.90000000000003
-25.127778,27.628889,08-10-2013,320.20000000000005,339.80000000000007,472.6
-24.69514,27.40906,08-10-2013,329.6,352.5,508.80000000000007
-22.769722,30.886944,08-10-2013,354.5,402.90000000000003,551.3
-28.735556,29.820556,08-10-2013,301.5,352.29999999999995,470.4
-27.169444,29.233889,08-10-2013,317.6,362.5,476.1
-26.861111,28.884722,08-10-2013,321.2,359.90000000000003,477.90000000000003
-27.00222,28.76528,08-10-2013,317.3,361.80000000000007,482.6000000000001
-34.092222,21.295278,08-10-2013,112.4,261.40000000000003,413.49999999999994
-33.13083,18.86278,08-10-2013,44.2,218.6,448.50000000000006
-32.94583,18.33667,08-10-2013,31.1,168.4,351.70000000000005
-29.161667,23.696389,09-10-2013,121.9,138.10000000000002,246.70000000000005
-29.641944,30.6875,09-10-2013,301.1,370.6,528.7
-25.20639,27.558,09-10-2013,321.1,340.90000000000003,480.30000000000007
-26.905,32.324722,09-10-2013,197.70000000000002,276.70000000000005,410.9000000000001
-27.602222,29.942778,09-10-2013,345.70000000000005,410.50000000000006,522.8
-33.7075,18.97444444,09-10-2013,61.300000000000004,362.50000000000006,710.9000000000001
-23.658056,31.05,10-10-2013,255.5,298.0,421.4
-27.363611,31.783333,10-10-2013,236.79999999999998,320.70000000000005,443.1
-26.970278,27.211111,10-10-2013,278.8,305.4,431.6
-33.31388889,19.07472222,10-10-2013,51.900000000000006,265.8,525.4000000000001
-27.01011111,26.69808333,11-10-2013,255.90000000000003,282.70000000000005,411.1
-26.648056,27.089444,11-10-2013,291.0,314.0,446.7
-26.880278,26.965,11-10-2013,274.0,299.5,429.3
-26.98472222,26.63227778,11-10-2013,260.0,286.0,417.6
-27.902778,24.615556,11-10-2013,177.10000000000002,194.3,308.1
-26.861111,28.884722,13-10-2013,321.2,359.90000000000003,477.90000000000003
-25.99136,27.84208,14-10-2013,345.70000000000005,370.30000000000007,515.1000000000001
-26.45,28.085833,14-10-2013,323.2,350.2,467.7
-27.01011111,26.69808333,15-10-2013,255.90000000000003,282.70000000000005,411.1
-25.73411,27.21422,15-10-2013,349.8,370.3,525.2
-24.99328,30.81444,15-10-2013,481.5,571.0,812.8000000000002
-27.5275,30.858056,15-10-2013,384.7,477.7,622.4000000000001
-26.861111,28.884722,15-10-2013,321.2,359.90000000000003,477.90000000000003
-27.00222,28.76528,15-10-2013,317.3,361.80000000000007,482.6000000000001
-26.648056,27.089444,15-10-2013,291.0,314.0,446.7
-26.970278,27.211111,15-10-2013,278.8,305.4,431.6
-26.880278,26.965,15-10-2013,274.0,299.5,429.3
-26.98472222,26.63227778,15-10-2013,260.0,286.0,417.6
-25.45963889,28.26430556,15-10-2013,333.20000000000005,359.40000000000003,480.5
-29.161667,23.696389,16-10-2013,121.9,138.10000000000002,246.70000000000005
-25.81048333,27.90955222,16-10-2013,337.6,360.5,503.4000000000001
-24.670833,28.560833,16-10-2013,388.6,422.1,563.1999999999999
-28.75,30.442778,16-10-2013,280.5,335.5,440.6
-29.161667,30.629722,16-10-2013,314.9,398.0,564.1999999999999
-29.160278,26.573333,16-10-2013,187.8,223.3,346.1
-29.033333,23.983333,16-10-2013,135.6,153.6,265.6
-28.768056,20.720556,16-10-2013,51.60000000000001,58.400000000000006,155.6
-29.161667,23.696389,17-10-2013,121.9,138.10000000000002,246.70000000000005
-29.744167,29.905833,17-10-2013,380.9,442.5,675.9
-27.671111,27.236944,17-10-2013,237.4,266.3,381.29999999999995
-34.250556,20.9925,17-10-2013,102.10000000000001,252.90000000000003,420.40000000000003
-29.380556,30.2775,21-10-2013,341.5,406.30000000000007,576.3000000000001
-33.818056,19.694722,21-10-2013,67.1,280.3,519.9
-27.01011111,26.69808333,22-10-2013,255.90000000000003,282.70000000000005,411.1
-34.065833,20.404167,22-10-2013,75.2,214.40000000000003,384.29999999999995
-25.127778,27.628889,22-10-2013,320.20000000000005,339.80000000000007,472.6
-25.20639,27.558,22-10-2013,321.1,340.90000000000003,480.30000000000007
-24.69514,27.40906,22-10-2013,329.6,352.5,508.80000000000007
-26.648056,27.089444,22-10-2013,291.0,314.0,446.7
-26.970278,27.211111,22-10-2013,278.8,305.4,431.6
-26.880278,26.965,22-10-2013,274.0,299.5,429.3
-26.73806,27.59194,22-10-2013,306.3,331.8,455.20000000000005
-26.45,28.085833,22-10-2013,323.2,350.2,467.7
-26.98472222,26.63227778,22-10-2013,260.0,286.0,417.6
-28.141944,26.417778,22-10-2013,201.70000000000002,228.8,337.70000000000005
-29.042222,24.6,22-10-2013,144.60000000000002,163.70000000000002,273.00000000000006
-29.028629,24.638389,22-10-2013,147.20000000000002,166.5,275.8
-33.501667,21.624167,22-10-2013,94.5,182.20000000000002,286.1
-34.075556,20.145556,22-10-2013,77.2,236.2,424.9
-28.760833,17.730278,23-10-2013,18.6,29.6,105.00000000000001
-29.161667,23.696389,23-10-2013,121.9,138.10000000000002,246.70000000000005
-29.140556,31.391944,23-10-2013,315.6,456.6,817.7
-28.801278,31.955389,23-10-2013,281.1,429.6,863.9
-27.169444,29.233889,23-10-2013,317.6,362.5,476.1
-26.861111,28.884722,23-10-2013,321.2,359.90000000000003,477.90000000000003
-27.00222,28.76528,23-10-2013,317.3,361.80000000000007,482.6000000000001
-26.970278,27.211111,23-10-2013,278.8,305.4,431.6
-27.38972222,26.46388889,23-10-2013,228.70000000000002,258.90000000000003,379.90000000000003
-26.98472222,26.63227778,23-10-2013,260.0,286.0,417.6
-27.398611,26.614722,23-10-2013,232.8,265.8,385.40000000000003
-27.671111,27.236944,23-10-2013,237.4,266.3,381.29999999999995
-34.405833,19.600556,23-10-2013,91.10000000000001,336.0,612.8
-28.058889,30.373611,23-10-2013,328.6,403.1,525.3
-33.897778,20.012778,23-10-2013,68.9,226.1,414.0000000000001
-28.747778,31.745833,24-10-2013,307.4,439.70000000000005,803.4999999999999
-27.5275,30.858056,24-10-2013,384.7,477.7,622.4000000000001
-28.116667,26.725278,24-10-2013,208.8,237.1,347.8
-34.329722,18.990278,24-10-2013,91.0,452.3,826.6000000000001
-27.573056,24.746389,25-10-2013,193.3,211.10000000000002,328.20000000000005
-25.99136,27.84208,28-10-2013,345.70000000000005,370.30000000000007,515.1000000000001
-29.7775,29.470833,28-10-2013,435.7,493.40000000000003,771.5
-29.987778,29.851667,28-10-2013,386.1,452.00000000000006,712.7
-29.744167,29.905833,28-10-2013,380.9,442.5,675.9
-26.45,28.085833,28-10-2013,323.2,350.2,467.7
-27.01011111,26.69808333,29-10-2013,255.90000000000003,282.70000000000005,411.1
-25.73411,27.21422,29-10-2013,349.8,370.3,525.2
-30.733889,29.828333,29-10-2013,372.6,452.3,763.0
-27.00222,28.76528,29-10-2013,317.3,361.80000000000007,482.6000000000001
-26.648056,27.089444,29-10-2013,291.0,314.0,446.7
-26.970278,27.211111,29-10-2013,278.8,305.4,431.6
-26.880278,26.965,29-10-2013,274.0,299.5,429.3
-27.802778,28.768333,29-10-2013,312.3,354.9,472.6
-26.98472222,26.63227778,29-10-2013,260.0,286.0,417.6
-25.45963889,28.26430556,29-10-2013,333.20000000000005,359.40000000000003,480.5
-28.338333,31.373611,29-10-2013,314.5,437.00000000000006,617.3000000000001
-28.068333,31.55,29-10-2013,274.3,394.8,555.3
-25.81048333,27.90955222,30-10-2013,337.6,360.5,503.4000000000001
-30.830556,26.921389,30-10-2013,191.9,239.5,439.9
-30.398056,30.601944,30-10-2013,385.3,492.90000000000003,861.0000000000001
-30.160091,27.40124,30-10-2013,236.3,289.1,471.0
-30.336111,27.359444,30-10-2013,233.4,290.5,487.00000000000006
-28.883333,27.89,30-10-2013,273.6,312.40000000000003,448.1
-28.768056,20.720556,30-10-2013,51.60000000000001,58.400000000000006,155.6
-31.104278,29.399722,30-10-2013,346.0,426.20000000000005,772.7
-31.396,29.2651,30-10-2013,340.90000000000003,437.1,829.5
-31.554722,29.245556,30-10-2013,358.1,463.6,889.5000000000001
-28.44555556,32.325,13-02-2014,323.5,444.1,994.8
-30.13573889,30.67422222,31-10-2013,355.1,449.0,735.0
-28.69485,28.23487,31-10-2013,280.3,317.7,448.40000000000003
-28.883333,27.89,31-10-2013,273.6,312.40000000000003,448.1
-31.436944,20.474722,31-10-2013,51.8,80.5,173.8
-30.570833,29.150556,31-10-2013,335.5,391.20000000000005,647.2
-29.744167,29.905833,01-11-2013,380.9,442.5,675.9
-30.568333,29.422778,01-11-2013,335.9,395.20000000000005,665.8
-31.031389,28.883333,01-11-2013,325.70000000000005,388.29999999999995,686.1
-30.77586667,29.03221667,01-11-2013,325.1,380.6,651.2000000000002
-29.803611,30.516111,01-11-2013,347.1,417.0,617.8000000000002
-26.73806,27.59194,04-11-2013,306.3,331.8,455.20000000000005
-26.45,28.085833,04-11-2013,323.2,350.2,467.7
-27.3,28.586944,04-11-2013,312.1,367.8,490.7
-26.98472222,26.63227778,04-11-2013,260.0,286.0,417.6
-33.38056,19.30167,04-11-2013,60.7,270.5,516.5000000000001
-32.502778,19.535833,04-11-2013,28.3,101.2,233.90000000000003
-27.01011111,26.69808333,05-11-2013,255.90000000000003,282.70000000000005,411.1
-31.860278,18.6875,05-11-2013,26.4,110.40000000000002,247.90000000000003
-24.679167,30.8025,05-11-2013,499.1,582.0000000000001,840.3000000000001
-33.980556,21.653333,05-11-2013,104.5,233.0,365.20000000000005
-25.127778,27.628889,05-11-2013,320.20000000000005,339.80000000000007,472.6
-24.39619444,27.08983333,05-11-2013,302.3,324.20000000000005,498.50000000000006
-24.69514,27.40906,05-11-2013,329.6,352.5,508.80000000000007
-27.169444,29.233889,05-11-2013,317.6,362.5,476.1
-26.861111,28.884722,05-11-2013,321.2,359.90000000000003,477.90000000000003
-26.98472222,26.63227778,05-11-2013,260.0,286.0,417.6
-27.398611,26.614722,05-11-2013,232.8,265.8,385.40000000000003
-27.671111,27.236944,05-11-2013,237.4,266.3,381.29999999999995
-32.595833,19.009444,05-11-2013,33.300000000000004,147.20000000000002,314.59999999999997
-29.641944,30.6875,06-11-2013,301.1,370.6,528.7
-25.20639,27.558,06-11-2013,321.1,340.90000000000003,480.30000000000007
-27.00222,28.76528,06-11-2013,317.3,361.80000000000007,482.6000000000001
-27.02314,28.59389,06-11-2013,316.40000000000003,362.7,480.8
-26.970278,27.211111,06-11-2013,278.8,305.4,431.6
-26.880278,26.965,06-11-2013,274.0,299.5,429.3
-27.273889,28.49,06-11-2013,312.1,370.8,496.40000000000003
-27.4275,28.525833,06-11-2013,311.90000000000003,364.80000000000007,487.70000000000005
-33.13083,18.86278,06-11-2013,44.2,218.6,448.50000000000006
-33.7075,18.97444444,06-11-2013,61.300000000000004,362.50000000000006,710.9000000000001
-32.94583,18.33667,06-11-2013,31.1,168.4,351.70000000000005
-24.058889,31.237222,07-11-2013,274.4,320.4,444.6
-27.602222,29.942778,07-11-2013,345.70000000000005,410.50000000000006,522.8
-27.3,28.586944,07-11-2013,312.1,367.8,490.7
-27.902778,24.615556,07-11-2013,177.10000000000002,194.3,308.1
-28.69485,28.23487,07-11-2013,280.3,317.7,448.40000000000003
-33.31388889,19.07472222,07-11-2013,51.900000000000006,265.8,525.4000000000001
-27.573056,24.746389,08-11-2013,193.3,211.10000000000002,328.20000000000005
-27.573056,24.746389,10-11-2013,193.3,211.10000000000002,328.20000000000005
-28.760833,17.730278,11-11-2013,18.6,29.6,105.00000000000001
-29.161667,23.696389,11-11-2013,121.9,138.10000000000002,246.70000000000005
-25.99136,27.84208,11-11-2013,345.70000000000005,370.30000000000007,515.1000000000001
-26.861111,28.884722,11-11-2013,321.2,359.90000000000003,477.90000000000003
-30.86013889,29.07125,11-11-2013,322.90000000000003,381.70000000000005,663.2
-27.01011111,26.69808333,12-11-2013,255.90000000000003,282.70000000000005,411.1
-25.73411,27.21422,12-11-2013,349.8,370.3,525.2
-22.769722,30.886944,12-11-2013,354.5,402.90000000000003,551.3
-27.00222,28.76528,12-11-2013,317.3,361.80000000000007,482.6000000000001
-26.648056,27.089444,12-11-2013,291.0,314.0,446.7
-26.970278,27.211111,12-11-2013,278.8,305.4,431.6
-26.880278,26.965,12-11-2013,274.0,299.5,429.3
-26.98472222,26.63227778,12-11-2013,260.0,286.0,417.6
-33.08883333,19.21878333,12-11-2013,52.5,206.8,408.90000000000003
-25.45963889,28.26430556,12-11-2013,333.20000000000005,359.40000000000003,480.5
-29.161667,23.696389,13-11-2013,121.9,138.10000000000002,246.70000000000005
-25.81048333,27.90955222,13-11-2013,337.6,360.5,503.4000000000001
-22.43772222,31.07805556,13-11-2013,300.6,334.9,444.40000000000003
-28.75,30.442778,13-11-2013,280.5,335.5,440.6
-29.161667,30.629722,13-11-2013,314.9,398.0,564.1999999999999
-28.141944,26.417778,13-11-2013,201.70000000000002,228.8,337.70000000000005
-28.1175,26.719444,13-11-2013,208.8,237.1,347.8
-29.160278,26.573333,13-11-2013,187.8,223.3,346.1
-29.033333,23.983333,13-11-2013,135.6,153.6,265.6
-34.02861,22.22222,13-11-2013,142.40000000000003,300.40000000000003,447.5
-34.005833,22.351111,13-11-2013,166.9,354.59999999999997,514.7
-23.658056,31.05,14-11-2013,255.5,298.0,421.4
-29.744167,29.905833,14-11-2013,380.9,442.5,675.9
-27.273889,28.49,14-11-2013,312.1,370.8,496.40000000000003
-27.4275,28.525833,14-11-2013,311.90000000000003,364.80000000000007,487.70000000000005
-27.3,28.586944,14-11-2013,312.1,367.8,490.7
-27.398611,26.614722,14-11-2013,232.8,265.8,385.40000000000003
-27.671111,27.236944,14-11-2013,237.4,266.3,381.29999999999995
-34.031944,22.053333,15-11-2013,126.9,263.5,402.00000000000006
-34.039722,22.133333,15-11-2013,132.3,274.0,415.3
-24.925278,29.324444,18-11-2013,340.1,375.0,518.4
-29.380556,30.2775,18-11-2013,341.5,406.30000000000007,576.3000000000001
-26.73806,27.59194,18-11-2013,306.3,331.8,455.20000000000005
-26.45,28.085833,18-11-2013,323.2,350.2,467.7
-33.870833,20.003333,18-11-2013,66.10000000000001,222.10000000000002,408.0000000000001
-33.818056,19.694722,18-11-2013,67.1,280.3,519.9
-27.01011111,26.69808333,19-11-2013,255.90000000000003,282.70000000000005,411.1
-34.065833,20.404167,19-11-2013,75.2,214.40000000000003,384.29999999999995
-25.20639,27.558,19-11-2013,321.1,340.90000000000003,480.30000000000007
-24.69514,27.40906,19-11-2013,329.6,352.5,508.80000000000007
-28.747778,31.745833,19-11-2013,307.4,439.70000000000005,803.4999999999999
-27.169444,29.233889,19-11-2013,317.6,362.5,476.1
-26.861111,28.884722,19-11-2013,321.2,359.90000000000003,477.90000000000003
-27.00222,28.76528,19-11-2013,317.3,361.80000000000007,482.6000000000001
-26.648056,27.089444,19-11-2013,291.0,314.0,446.7
-26.970278,27.211111,19-11-2013,278.8,305.4,431.6
-26.880278,26.965,19-11-2013,274.0,299.5,429.3
-27.3,28.586944,19-11-2013,312.1,367.8,490.7
-26.98472222,26.63227778,19-11-2013,260.0,286.0,417.6
-27.671111,27.236944,19-11-2013,237.4,266.3,381.29999999999995
-31.396,29.2651,19-11-2013,340.90000000000003,437.1,829.5
-31.554722,29.245556,19-11-2013,358.1,463.6,889.5000000000001
-34.075556,20.145556,19-11-2013,77.2,236.2,424.9
-29.161667,23.696389,20-11-2013,121.9,138.10000000000002,246.70000000000005
-25.127778,27.628889,20-11-2013,320.20000000000005,339.80000000000007,472.6
-28.801278,31.955389,20-11-2013,281.1,429.6,863.9
-27.937778,31.209444,20-11-2013,298.9,399.0,518.8000000000001
-28.404444,30.013056,20-11-2013,304.70000000000005,366.20000000000005,479.6
-27.273889,28.49,20-11-2013,312.1,370.8,496.40000000000003
-28.883333,27.89,20-11-2013,273.6,312.40000000000003,448.1
-30.568333,29.422778,20-11-2013,335.9,395.20000000000005,665.8
-31.104278,29.399722,20-11-2013,346.0,426.20000000000005,772.7
-34.250556,20.9925,20-11-2013,102.10000000000001,252.90000000000003,420.40000000000003
-34.329722,18.990278,20-11-2013,91.0,452.3,826.6000000000001
-25.57877778,29.12747222,20-11-2013,363.4,401.1,535.5
-27.5275,30.858056,21-11-2013,384.7,477.7,622.4000000000001
-28.116667,26.725278,21-11-2013,208.8,237.1,347.8
-28.69485,28.23487,21-11-2013,280.3,317.7,448.40000000000003
-30.86013889,29.07125,21-11-2013,322.90000000000003,381.70000000000005,663.2
-30.570833,29.150556,21-11-2013,335.5,391.20000000000005,647.2
-30.77586667,29.03221667,21-11-2013,325.1,380.6,651.2000000000002
-34.405833,19.600556,21-11-2013,91.10000000000001,336.0,612.8
-33.897778,20.012778,21-11-2013,68.9,226.1,414.0000000000001
-27.902778,24.615556,22-11-2013,177.10000000000002,194.3,308.1
-31.031389,28.883333,22-11-2013,325.70000000000005,388.29999999999995,686.1
-28.058889,30.373611,22-11-2013,328.6,403.1,525.3
-25.99136,27.84208,25-11-2013,345.70000000000005,370.30000000000007,515.1000000000001
-29.7775,29.470833,25-11-2013,435.7,493.40000000000003,771.5
-29.744167,29.905833,25-11-2013,380.9,442.5,675.9
-26.45,28.085833,25-11-2013,323.2,350.2,467.7
-29.042222,24.6,25-11-2013,144.60000000000002,163.70000000000002,273.00000000000006
-33.38056,19.30167,25-11-2013,60.7,270.5,516.5000000000001
-32.502778,19.535833,25-11-2013,28.3,101.2,233.90000000000003
-28.338333,31.373611,25-11-2013,314.5,437.00000000000006,617.3000000000001
-28.068333,31.55,25-11-2013,274.3,394.8,555.3
-28.1175,26.719444,26-07-2011,173.8,194.0,584.4999999999999
-28.1175,26.719444,23-08-2011,173.8,194.0,584.4999999999999
-28.1175,26.719444,30-08-2011,173.8,194.0,584.4999999999999
-28.1175,26.719444,21-09-2011,173.8,194.0,584.4999999999999
-28.1175,26.719444,29-09-2011,173.8,194.0,584.4999999999999
-28.1175,26.719444,17-11-2011,173.8,194.0,584.4999999999999
-27.01011111,26.69808333,26-11-2013,255.90000000000003,282.70000000000005,411.1
-31.860278,18.6875,26-11-2013,26.4,110.40000000000002,247.90000000000003
-25.73411,27.21422,26-11-2013,349.8,370.3,525.2
-30.733889,29.828333,26-11-2013,372.6,452.3,763.0
-29.987778,29.851667,26-11-2013,386.1,452.00000000000006,712.7
-27.00222,28.76528,26-11-2013,317.3,361.80000000000007,482.6000000000001
-28.1175,26.719444,07-06-2012,214.70000000000002,232.10000000000002,423.5000000000001
-26.970278,27.211111,26-11-2013,278.8,305.4,431.6
-26.880278,26.965,26-11-2013,274.0,299.5,429.3
-26.98472222,26.63227778,26-11-2013,260.0,286.0,417.6
-29.160278,26.573333,26-11-2013,187.8,223.3,346.1
-29.028629,24.638389,26-11-2013,147.20000000000002,166.5,275.8
-28.69485,28.23487,26-11-2013,280.3,317.7,448.40000000000003
-28.1175,26.719444,17-07-2012,216.10000000000002,274.5,419.40000000000003
-33.501667,21.624167,26-11-2013,94.5,182.20000000000002,286.1
-32.595833,19.009444,26-11-2013,33.300000000000004,147.20000000000002,314.59999999999997
-28.1175,26.719444,17-09-2012,216.10000000000002,274.5,419.40000000000003
-25.45963889,28.26430556,26-11-2013,333.20000000000005,359.40000000000003,480.5
-29.161667,23.696389,27-11-2013,121.9,138.10000000000002,246.70000000000005
-25.81048333,27.90955222,27-11-2013,337.6,360.5,503.4000000000001
-24.670833,28.560833,27-11-2013,388.6,422.1,563.1999999999999
-30.398056,30.601944,27-11-2013,385.3,492.90000000000003,861.0000000000001
-26.861111,28.884722,27-11-2013,321.2,359.90000000000003,477.90000000000003
-29.033333,23.983333,27-11-2013,135.6,153.6,265.6
-28.69485,28.23487,27-11-2013,280.3,317.7,448.40000000000003
-29.615556,27.065278,27-11-2013,222.79999999999998,264.8,421.8
-28.883333,27.89,27-11-2013,273.6,312.40000000000003,448.1
-33.7075,18.97444444,27-11-2013,61.300000000000004,362.50000000000006,710.9000000000001
-32.94583,18.33667,27-11-2013,31.1,168.4,351.70000000000005
-24.282222,28.090278,28-11-2013,368.00000000000006,397.50000000000006,565.3
-30.13573889,30.67422222,28-11-2013,355.1,449.0,735.0
-28.1175,26.719444,18-07-2013,208.8,237.1,347.8
-33.31388889,19.07472222,28-11-2013,51.900000000000006,265.8,525.4000000000001
-33.13083,18.86278,28-11-2013,44.2,218.6,448.50000000000006
-29.744167,29.905833,29-11-2013,380.9,442.5,675.9
-29.803611,30.516111,29-11-2013,347.1,417.0,617.8000000000002
-26.73806,27.59194,01-12-2013,306.3,331.8,455.20000000000005
-28.735556,29.820556,02-12-2013,301.5,352.29999999999995,470.4
-26.45,28.085833,02-12-2013,323.2,350.2,467.7
-25.127778,27.628889,03-12-2013,320.20000000000005,339.80000000000007,472.6
-24.69514,27.40906,03-12-2013,329.6,352.5,508.80000000000007
-27.273889,28.49,03-12-2013,312.1,370.8,496.40000000000003
-27.4275,28.525833,03-12-2013,311.90000000000003,364.80000000000007,487.70000000000005
-27.3,28.586944,03-12-2013,312.1,367.8,490.7
-27.398611,26.614722,03-12-2013,232.8,265.8,385.40000000000003
-30.160091,27.40124,03-12-2013,236.3,289.1,471.0
-30.336111,27.359444,03-12-2013,233.4,290.5,487.00000000000006
-33.08883333,19.21878333,03-12-2013,52.5,206.8,408.90000000000003
-27.4,26.624722,03-12-2013,232.8,265.8,385.40000000000003
-29.161667,23.696389,04-12-2013,121.9,138.10000000000002,246.70000000000005
-27.01011111,26.69808333,04-12-2013,255.90000000000003,282.70000000000005,411.1
-29.641944,30.6875,04-12-2013,301.1,370.6,528.7
-28.1175,26.719444,19-05-2014,241.1,250.9,479.40000000000003
-28.1175,26.719444,03-06-2014,241.1,250.9,479.40000000000003
-25.20639,27.558,04-12-2013,321.1,340.90000000000003,480.30000000000007
-27.363611,31.783333,04-12-2013,236.79999999999998,320.70000000000005,443.1
-26.648056,27.089444,04-12-2013,291.0,314.0,446.7
-26.970278,27.211111,04-12-2013,278.8,305.4,431.6
-26.880278,26.965,04-12-2013,274.0,299.5,429.3
-26.98472222,26.63227778,04-12-2013,260.0,286.0,417.6
-31.000833,26.353056,04-12-2013,149.8,184.90000000000003,375.5
-30.679722,26.7125,04-12-2013,185.4,228.70000000000002,415.90000000000003
-28.1175,26.719444,06-08-2014,267.5,288.9,473.8
-34.039722,22.133333,04-12-2013,132.3,274.0,415.3
-28.760833,17.730278,05-12-2013,18.6,29.6,105.00000000000001
-26.905,32.324722,05-12-2013,197.70000000000002,276.70000000000005,410.9000000000001
-28.116667,26.725278,05-12-2013,208.8,237.1,347.8
-34.250556,20.9925,05-12-2013,102.10000000000001,252.90000000000003,420.40000000000003
-34.092222,21.295278,05-12-2013,112.4,261.40000000000003,413.49999999999994
-23.658056,31.05,06-12-2013,255.5,298.0,421.4
-23.281,30.54305556,06-12-2013,355.5,408.70000000000005,583.0
-27.02314,28.59389,07-12-2013,316.40000000000003,362.7,480.8
-25.99136,27.84208,09-12-2013,345.70000000000005,370.30000000000007,515.1000000000001
-27.935,26.126667,09-12-2013,187.3,213.5,319.70000000000005
-28.141944,26.417778,09-12-2013,201.70000000000002,228.8,337.70000000000005
-28.1175,26.719444,09-12-2013,208.8,237.1,347.8
-28.116667,26.725278,09-12-2013,208.8,237.1,347.8
-25.73411,27.21422,10-12-2013,349.8,370.3,525.2
-25.45963889,28.26430556,10-12-2013,333.20000000000005,359.40000000000003,480.5
-27.01011111,26.69808333,11-12-2013,255.90000000000003,282.70000000000005,411.1
-25.81048333,27.90955222,11-12-2013,337.6,360.5,503.4000000000001
-28.116667,26.725278,22-02-2011,137.9,145.7,724.5000000000001
-24.183889,30.823889,11-12-2013,322.20000000000005,362.4,507.9
-24.058889,31.237222,11-12-2013,274.4,320.4,444.6
-28.116667,26.725278,26-07-2011,173.8,194.0,584.4999999999999
-28.116667,26.725278,23-08-2011,173.8,194.0,584.4999999999999
-28.116667,26.725278,21-09-2011,173.8,194.0,584.4999999999999
-28.116667,26.725278,18-10-2011,173.8,194.0,584.4999999999999
-28.116667,26.725278,14-12-2011,173.8,194.0,584.4999999999999
-28.116667,26.725278,18-01-2012,214.70000000000002,232.10000000000002,423.5000000000001
-28.116667,26.725278,15-02-2012,214.70000000000002,232.10000000000002,423.5000000000001
-28.116667,26.725278,14-03-2012,214.70000000000002,232.10000000000002,423.5000000000001
-26.03611,30.99778,11-12-2013,462.20000000000005,563.6999999999999,751.8
-27.5275,30.858056,11-12-2013,384.7,477.7,622.4000000000001
-28.75,30.442778,11-12-2013,280.5,335.5,440.6
-28.116667,26.725278,09-05-2012,214.70000000000002,232.10000000000002,423.5000000000001
-28.116667,26.725278,29-05-2012,214.70000000000002,232.10000000000002,423.5000000000001
-28.116667,26.725278,06-06-2012,214.70000000000002,232.10000000000002,423.5000000000001
-28.116667,26.725278,14-06-2012,214.70000000000002,232.10000000000002,423.5000000000001
-28.116667,26.725278,21-06-2012,214.70000000000002,232.10000000000002,423.5000000000001
-28.116667,26.725278,04-07-2012,214.70000000000002,232.10000000000002,423.5000000000001
-28.116667,26.725278,01-08-2012,216.10000000000002,274.5,419.40000000000003
-28.116667,26.725278,29-08-2012,216.10000000000002,274.5,419.40000000000003
-28.116667,26.725278,17-09-2012,216.10000000000002,274.5,419.40000000000003
-28.116667,26.725278,24-10-2012,216.10000000000002,274.5,419.40000000000003
-28.116667,26.725278,15-11-2012,216.10000000000002,274.5,419.40000000000003
-28.404444,30.013056,11-12-2013,304.70000000000005,366.20000000000005,479.6
-28.116667,26.725278,21-11-2012,216.10000000000002,274.5,419.40000000000003
-28.116667,26.725278,31-01-2013,193.10000000000002,195.20000000000002,352.5
-28.116667,26.725278,08-02-2013,193.10000000000002,195.20000000000002,352.5
-28.116667,26.725278,20-02-2013,193.10000000000002,195.20000000000002,352.5
-28.116667,26.725278,14-03-2013,193.10000000000002,195.20000000000002,352.5
-28.116667,26.725278,21-03-2013,193.10000000000002,195.20000000000002,352.5
-29.161667,30.629722,11-12-2013,314.9,398.0,564.1999999999999
-26.648056,27.089444,11-12-2013,291.0,314.0,446.7
-28.116667,26.725278,24-04-2013,193.10000000000002,195.20000000000002,352.5
-26.970278,27.211111,11-12-2013,278.8,305.4,431.6
-26.880278,26.965,11-12-2013,274.0,299.5,429.3
-27.38972222,26.46388889,11-12-2013,228.70000000000002,258.90000000000003,379.90000000000003
-26.98472222,26.63227778,11-12-2013,260.0,286.0,417.6
-28.116667,26.725278,16-07-2013,208.8,237.1,347.8
-28.116667,26.725278,14-08-2013,208.8,237.1,347.8
-28.141944,26.417778,11-12-2013,201.70000000000002,228.8,337.70000000000005
-28.116667,26.725278,26-09-2013,208.8,237.1,347.8
-28.116667,26.725278,22-10-2013,208.8,237.1,347.8
-28.1175,26.719444,11-12-2013,208.8,237.1,347.8
-27.671111,27.236944,11-12-2013,237.4,266.3,381.29999999999995
-28.768056,20.720556,11-12-2013,51.60000000000001,58.400000000000006,155.6
-27.356667,27.286389,11-12-2013,253.70000000000002,283.0,402.90000000000003
-24.679167,30.8025,12-12-2013,499.1,582.0000000000001,840.3000000000001
-27.937778,31.209444,12-12-2013,298.9,399.0,518.8000000000001
-29.744167,29.905833,12-12-2013,380.9,442.5,675.9
-26.98472222,26.63227778,12-12-2013,260.0,286.0,417.6
-27.398611,26.614722,12-12-2013,232.8,265.8,385.40000000000003
-34.031944,22.053333,13-12-2013,126.9,263.5,402.00000000000006
-28.735556,29.820556,17-12-2013,301.5,352.29999999999995,470.4
-27.935,26.126667,17-12-2013,187.3,213.5,319.70000000000005
-28.141944,26.417778,17-12-2013,201.70000000000002,228.8,337.70000000000005
-28.1175,26.719444,17-12-2013,208.8,237.1,347.8
-28.116667,26.725278,17-12-2013,208.8,237.1,347.8
-28.116667,26.725278,02-04-2014,241.1,250.9,479.40000000000003
-29.160278,26.573333,17-12-2013,187.8,223.3,346.1
-29.042222,24.6,17-12-2013,144.60000000000002,163.70000000000002,273.00000000000006
-29.028629,24.638389,17-12-2013,147.20000000000002,166.5,275.8
-29.033333,23.983333,17-12-2013,135.6,153.6,265.6
-33.501667,21.624167,17-12-2013,94.5,182.20000000000002,286.1
-27.01011111,26.69808333,18-12-2013,255.90000000000003,282.70000000000005,411.1
-22.225556,29.990556,18-12-2013,261.90000000000003,290.40000000000003,377.6
-25.127778,27.628889,18-12-2013,320.20000000000005,339.80000000000007,472.6
-28.116667,26.725278,20-05-2014,241.1,250.9,479.40000000000003
-25.20639,27.558,18-12-2013,321.1,340.90000000000003,480.30000000000007
-24.39619444,27.08983333,18-12-2013,302.3,324.20000000000005,498.50000000000006
-28.116667,26.725278,02-07-2014,241.1,250.9,479.40000000000003
-24.69514,27.40906,18-12-2013,329.6,352.5,508.80000000000007
-28.116667,26.725278,15-07-2014,267.5,288.9,473.8
-27.602222,29.942778,18-12-2013,345.70000000000005,410.50000000000006,522.8
-29.380556,30.2775,18-12-2013,341.5,406.30000000000007,576.3000000000001
-28.116667,26.725278,29-07-2014,267.5,288.9,473.8
-28.116667,26.725278,18-08-2014,267.5,288.9,473.8
-28.116667,26.725278,20-08-2014,267.5,288.9,473.8
-26.648056,27.089444,18-12-2013,291.0,314.0,446.7
-28.116667,26.725278,26-08-2014,267.5,288.9,473.8
-26.970278,27.211111,18-12-2013,278.8,305.4,431.6
-28.116667,26.725278,09-09-2014,267.5,288.9,473.8
-26.880278,26.965,18-12-2013,274.0,299.5,429.3
-27.671111,27.236944,18-12-2013,237.4,266.3,381.29999999999995
-28.116667,26.725278,15-10-2014,267.5,288.9,473.8
-24.058889,31.237222,19-12-2013,274.4,320.4,444.6
-28.116667,26.725278,10-11-2014,267.5,288.9,473.8
-28.116667,26.725278,24-11-2014,267.5,288.9,473.8
-28.116667,26.725278,25-11-2014,267.5,288.9,473.8
-22.43772222,31.07805556,22-12-2013,300.6,334.9,444.40000000000003
-28.116667,26.725278,05-01-2015,88.3,232.0,418.4
-25.99136,27.84208,23-12-2013,345.70000000000005,370.30000000000007,515.1000000000001
-26.970278,27.211111,23-12-2013,278.8,305.4,431.6
-26.880278,26.965,23-12-2013,274.0,299.5,429.3
-25.45963889,28.26430556,23-12-2013,333.20000000000005,359.40000000000003,480.5
-27.01011111,26.69808333,24-12-2013,255.90000000000003,282.70000000000005,411.1
-25.81048333,27.90955222,24-12-2013,337.6,360.5,503.4000000000001
-28.116667,26.725278,10-03-2015,52.9,104.70000000000002,301.8
-25.73411,27.21422,24-12-2013,349.8,370.3,525.2
-26.648056,27.089444,24-12-2013,291.0,314.0,446.7
-26.98472222,26.63227778,24-12-2013,260.0,286.0,417.6
-28.116667,26.725278,14-04-2015,52.9,104.70000000000002,301.8
-28.116667,26.725278,15-04-2015,52.9,104.70000000000002,301.8
-28.116667,26.725278,09-06-2015,52.9,104.70000000000002,301.8
-28.116667,26.725278,24-06-2015,52.9,104.70000000000002,301.8
-28.116667,26.725278,22-07-2015,52.9,104.70000000000002,301.8
-28.116667,26.725278,12-08-2015,52.9,104.70000000000002,301.8
-28.116667,26.725278,20-08-2015,52.9,104.70000000000002,301.8
-28.116667,26.725278,08-09-2015,52.9,104.70000000000002,301.8
-28.116667,26.725278,15-10-2015,52.9,104.70000000000002,301.8
-28.116667,26.725278,03-11-2015,52.9,104.70000000000002,301.8
-28.116667,26.725278,10-11-2015,52.9,104.70000000000002,301.8
-29.161667,23.696389,25-12-2013,121.9,138.10000000000002,246.70000000000005
-28.96362,19.15486,28-12-2013,27.300000000000004,34.6,128.3
-28.1175,26.719444,30-12-2013,208.8,237.1,347.8
-29.161667,23.696389,01-01-2014,121.9,138.10000000000002,246.70000000000005
-29.140556,31.391944,01-01-2014,315.6,456.6,817.7
-28.747778,31.745833,01-01-2014,307.4,439.70000000000005,803.4999999999999
-25.99136,27.84208,06-01-2014,49.7,389.09999999999997,669.5
-26.45,28.085833,06-01-2014,36.2,359.6000000000001,635.2
-27.935,26.126667,06-01-2014,39.6,212.50000000000003,380.2
-28.141944,26.417778,06-01-2014,39.6,217.9,405.40000000000003
-28.1175,26.719444,06-01-2014,37.900000000000006,228.50000000000003,423.7
-28.116667,26.725278,06-01-2014,37.900000000000006,228.50000000000003,423.7
-27.169444,29.233889,07-01-2014,3.8000000000000003,279.30000000000007,641.8
-26.861111,28.884722,07-01-2014,4.5,296.8,656.6999999999999
-27.273889,28.49,07-01-2014,10.0,273.00000000000006,643.8000000000001
-25.45963889,28.26430556,07-01-2014,1.4000000000000001,289.0,648.4
-29.161667,23.696389,08-01-2014,7.2,84.30000000000001,304.40000000000003
-27.01011111,26.69808333,08-01-2014,12.8,81.0,506.4000000000001
-25.81048333,27.90955222,08-01-2014,3.5,124.60000000000002,654.0
-29.140556,31.391944,08-01-2014,116.2,389.4,932.3
-28.801278,31.955389,08-01-2014,114.5,449.4000000000001,959.4000000000001
-28.75,30.442778,08-01-2014,2.3000000000000003,89.00000000000001,572.9999999999999
-28.404444,30.013056,08-01-2014,2.6,93.60000000000001,658.5000000000001
-29.744167,29.905833,08-01-2014,15.6,170.7,767.5000000000001
-29.161667,30.629722,08-01-2014,5.2,130.5,677.3000000000002
-27.00222,28.76528,08-01-2014,5.7,114.6,655.9000000000001
-27.02314,28.59389,08-01-2014,6.0,113.2,650.4
-26.648056,27.089444,08-01-2014,13.0,88.10000000000001,565.8000000000002
-26.970278,27.211111,08-01-2014,10.100000000000001,88.1,542.3
-26.880278,26.965,08-01-2014,12.700000000000001,86.00000000000001,534.7000000000002
-27.273889,28.49,08-01-2014,8.1,118.0,651.5
-27.4275,28.525833,08-01-2014,8.0,113.00000000000001,637.5000000000001
-27.3,28.586944,08-01-2014,7.9,116.70000000000002,644.9999999999999
-26.98472222,26.63227778,08-01-2014,13.4,82.7,513.1999999999999
-27.044444,27.005,08-01-2014,12.4,87.20000000000002,523.0999999999999
-28.69485,28.23487,08-01-2014,10.3,115.5,572.1
-29.615556,27.065278,08-01-2014,9.100000000000001,135.8,512.9
-28.768056,20.720556,08-01-2014,6.7,72.2,192.70000000000002
-28.058889,30.373611,08-01-2014,3.3000000000000003,117.1,724.0
-27.937778,31.209444,09-01-2014,43.60000000000001,92.50000000000001,772.0999999999999
-27.5275,30.858056,09-01-2014,26.200000000000003,90.10000000000001,887.4999999999999
-30.679722,26.7125,09-01-2014,28.8,112.19999999999999,498.9000000000001
-30.160091,27.40124,09-01-2014,22.3,97.7,564.0
-30.336111,27.359444,09-01-2014,27.6,116.00000000000003,585.2999999999998
-27.671111,27.236944,10-01-2014,23.400000000000002,34.3,464.79999999999995
-30.534167,24.961944,10-01-2014,30.700000000000003,66.4,318.1000000000001
-29.380556,30.2775,13-01-2014,409.1,420.20000000000005,784.4
-26.73806,27.59194,13-01-2014,270.5,277.0,595.2
-26.45,28.085833,13-01-2014,286.40000000000003,291.0,650.6000000000001
-26.98472222,26.63227778,13-01-2014,215.9,230.00000000000003,516.4
-27.01011111,26.69808333,14-01-2014,218.3,231.8,512.3
-29.641944,30.6875,14-01-2014,395.4,406.6,693.8000000000001
-25.127778,27.628889,14-01-2014,238.10000000000002,245.3,583.8000000000001
-25.20639,27.558,14-01-2014,238.0,244.8,585.8
-24.69514,27.40906,14-01-2014,233.4,241.20000000000002,585.1999999999999
-25.73411,27.21422,14-01-2014,255.60000000000002,269.3,654.2
-24.058889,31.237222,14-01-2014,241.8,246.4,504.79999999999995
-26.861111,28.884722,14-01-2014,298.40000000000003,303.5,673.0000000000001
-26.648056,27.089444,14-01-2014,238.8,252.50000000000003,566.5
-26.970278,27.211111,14-01-2014,251.10000000000002,261.8,556.5000000000001
-26.880278,26.965,14-01-2014,234.3,247.60000000000002,541.3000000000001
-26.98472222,26.63227778,14-01-2014,215.9,230.00000000000003,516.4
-28.1175,26.719444,14-01-2014,241.1,250.9,479.40000000000003
-27.044444,27.005,14-01-2014,238.90000000000003,251.90000000000003,537.2
-31.396,29.2651,14-01-2014,276.1,354.40000000000003,839.3
-31.554722,29.245556,14-01-2014,288.0,372.70000000000005,889.8
-34.075556,20.145556,14-01-2014,46.7,155.00000000000003,357.50000000000006
-28.338333,31.373611,14-01-2014,405.9,472.6,913.0
-28.068333,31.55,14-01-2014,363.9,419.70000000000005,816.4999999999999
-29.161667,23.696389,15-01-2014,111.5,121.80000000000001,315.50000000000006
-24.39619444,27.08983333,15-01-2014,209.10000000000002,218.0,537.8
-30.568333,29.422778,15-01-2014,292.0,324.0,709.4
-30.570833,29.150556,15-01-2014,288.4,316.0,694.4
-31.104278,29.399722,15-01-2014,286.30000000000007,346.30000000000007,787.7
-22.769722,30.886944,16-01-2014,238.6,242.2,535.8000000000001
-28.44555556,32.325,12-03-2014,323.5,444.1,994.8
-27.935,26.126667,16-01-2014,203.0,215.3,427.80000000000007
-28.141944,26.417778,16-01-2014,233.8,243.70000000000002,461.6
-30.86013889,29.07125,16-01-2014,274.70000000000005,311.1,692.8000000000001
-30.77586667,29.03221667,16-01-2014,277.3,310.20000000000005,684.8000000000001
-23.838611,31.640833,17-01-2014,220.3,226.60000000000002,462.79999999999995
-27.902778,24.615556,17-01-2014,166.5,175.4,397.70000000000005
-31.031389,28.883333,17-01-2014,270.70000000000005,310.20000000000005,705.1000000000001
-29.042222,24.6,20-01-2014,142.3,151.0,348.9
-29.033333,23.983333,20-01-2014,126.4,136.3,336.40000000000003
-28.760833,17.730278,21-01-2014,3.8000000000000003,13.800000000000002,73.2
-24.670833,28.560833,21-01-2014,301.6,302.7,603.3000000000001
-28.141944,26.417778,21-01-2014,233.8,243.70000000000002,461.6
-28.1175,26.719444,21-01-2014,241.1,250.9,479.40000000000003
-29.028629,24.638389,21-01-2014,145.8,154.40000000000003,355.00000000000006
-29.1825,23.575556,21-01-2014,103.60000000000001,114.0,306.20000000000005
-34.031944,22.053333,21-01-2014,84.7,154.89999999999998,394.29999999999995
-34.039722,22.133333,21-01-2014,90.5,164.40000000000003,410.30000000000007
-25.57877778,29.12747222,21-01-2014,287.2,289.3,666.8
-29.161667,23.696389,22-01-2014,111.5,121.80000000000001,315.50000000000006
-24.282222,28.090278,22-01-2014,259.40000000000003,264.20000000000005,619.9000000000001
-25.99136,27.84208,22-01-2014,279.3,284.3,673.4
-24.925278,29.324444,22-01-2014,277.3,278.7,574.5000000000001
-27.363611,31.783333,22-01-2014,263.8,291.0,618.6
-27.602222,29.942778,22-01-2014,368.20000000000005,371.70000000000005,761.1
-29.744167,29.905833,22-01-2014,371.30000000000007,396.90000000000003,765.8000000000001
-26.45,28.085833,22-01-2014,286.40000000000003,291.0,650.6000000000001
-27.671111,27.236944,22-01-2014,253.70000000000002,263.70000000000005,519.1
-34.02861,22.22222,22-01-2014,103.19999999999999,183.3,439.00000000000006
-34.405833,19.600556,22-01-2014,53.7,232.6,511.59999999999997
-27.01011111,26.69808333,23-01-2014,218.3,231.8,512.3
-26.905,32.324722,23-01-2014,217.39999999999998,245.6,560.7
-27.169444,29.233889,23-01-2014,307.90000000000003,314.40000000000003,663.7
-27.00222,28.76528,23-01-2014,309.4,315.5,674.1000000000001
-26.648056,27.089444,23-01-2014,238.8,252.50000000000003,566.5
-26.970278,27.211111,23-01-2014,251.10000000000002,261.8,556.5000000000001
-26.880278,26.965,23-01-2014,234.3,247.60000000000002,541.3000000000001
-27.38972222,26.46388889,23-01-2014,223.7,236.8,491.30000000000007
-26.98472222,26.63227778,23-01-2014,215.9,230.00000000000003,516.4
-27.398611,26.614722,23-01-2014,233.5,246.10000000000002,501.6000000000001
-25.45963889,28.26430556,23-01-2014,263.20000000000005,265.6,633.6
-33.897778,20.012778,23-01-2014,44.800000000000004,158.40000000000003,350.9
-25.81048333,27.90955222,24-01-2014,270.1,274.1,651.5000000000001
-29.803611,30.516111,26-01-2014,387.70000000000005,411.6,741.1999999999999
-30.733889,29.828333,27-01-2014,323.5,374.3,788.4
-26.45,28.085833,27-01-2014,286.40000000000003,291.0,650.6000000000001
-29.160278,26.573333,27-01-2014,226.0,235.2,466.40000000000003
-33.38056,19.30167,27-01-2014,37.300000000000004,219.0,440.80000000000007
-32.502778,19.535833,27-01-2014,17.400000000000002,100.2,208.10000000000002
-27.01011111,26.69808333,28-01-2014,218.3,231.8,512.3
-25.127778,27.628889,28-01-2014,238.10000000000002,245.3,583.8000000000001
-24.69514,27.40906,28-01-2014,233.4,241.20000000000002,585.1999999999999
-25.73411,27.21422,28-01-2014,255.60000000000002,269.3,654.2
-28.735556,29.820556,28-01-2014,362.40000000000003,365.0,702.2
-27.00222,28.76528,28-01-2014,309.4,315.5,674.1000000000001
-26.648056,27.089444,28-01-2014,238.8,252.50000000000003,566.5
-26.970278,27.211111,28-01-2014,251.10000000000002,261.8,556.5000000000001
-26.880278,26.965,28-01-2014,234.3,247.60000000000002,541.3000000000001
-26.98472222,26.63227778,28-01-2014,215.9,230.00000000000003,516.4
-27.398611,26.614722,28-01-2014,233.5,246.10000000000002,501.6000000000001
-33.501667,21.624167,28-01-2014,61.3,108.5,281.2
-32.595833,19.009444,28-01-2014,22.400000000000002,143.8,277.8
-25.20639,27.558,29-01-2014,238.0,244.8,585.8
-28.768056,20.720556,29-01-2014,34.0,41.800000000000004,202.20000000000002
-33.13083,18.86278,29-01-2014,27.200000000000003,196.10000000000002,392.7
-33.7075,18.97444444,29-01-2014,43.6,305.4,608.9000000000001
-32.94583,18.33667,29-01-2014,22.0,156.5,307.40000000000003
-30.13573889,30.67422222,30-01-2014,351.1,412.70000000000005,822.5000000000001
-27.38972222,26.46388889,30-01-2014,223.7,236.8,491.30000000000007
-33.31388889,19.07472222,30-01-2014,33.800000000000004,229.00000000000003,453.40000000000003
-29.380556,30.2775,31-01-2014,409.1,420.20000000000005,784.4
-22.769722,30.886944,03-02-2014,238.6,242.2,535.8000000000001
-26.73806,27.59194,03-02-2014,270.5,277.0,595.2
-26.45,28.085833,03-02-2014,286.40000000000003,291.0,650.6000000000001
-33.08883333,19.21878333,03-02-2014,31.3,173.29999999999998,354.5
-28.747778,31.745833,04-02-2014,250.3,387.1,885.0000000000001
-27.398611,26.614722,04-02-2014,233.5,246.10000000000002,501.6000000000001
-25.45963889,28.26430556,04-02-2014,263.20000000000005,265.6,633.6
-27.495556,26.074722,04-02-2014,197.8,210.70000000000005,457.3
-27.4,26.624722,04-02-2014,233.5,246.10000000000002,501.6000000000001
-28.760833,17.730278,05-02-2014,3.8000000000000003,13.800000000000002,73.2
-29.161667,23.696389,05-02-2014,111.5,121.80000000000001,315.50000000000006
-27.01011111,26.69808333,05-02-2014,218.3,231.8,512.3
-25.81048333,27.90955222,05-02-2014,270.1,274.1,651.5000000000001
-29.140556,31.391944,05-02-2014,298.3,447.5,935.0
-28.801278,31.955389,05-02-2014,259.4,399.6,943.5
-28.404444,30.013056,05-02-2014,372.50000000000006,375.1,730.8000000000001
-29.744167,29.905833,05-02-2014,371.30000000000007,396.90000000000003,765.8000000000001
-26.970278,27.211111,05-02-2014,251.10000000000002,261.8,556.5000000000001
-26.880278,26.965,05-02-2014,234.3,247.60000000000002,541.3000000000001
-26.98472222,26.63227778,05-02-2014,215.9,230.00000000000003,516.4
-28.116667,26.725278,05-02-2014,241.1,250.9,479.40000000000003
-27.044444,27.005,05-02-2014,238.90000000000003,251.90000000000003,537.2
-29.033333,23.983333,05-02-2014,126.4,136.3,336.40000000000003
-28.69485,28.23487,05-02-2014,334.70000000000005,345.30000000000007,640.6000000000001
-27.937778,31.209444,06-02-2014,411.6,455.20000000000005,881.2
-30.160091,27.40124,06-02-2014,253.10000000000002,275.40000000000003,570.7
-30.336111,27.359444,06-02-2014,244.0,271.6,583.3000000000001
-30.830556,26.921389,07-02-2014,186.40000000000003,218.9,511.70000000000005
-27.671111,27.236944,07-02-2014,253.70000000000002,263.70000000000005,519.1
-29.658056,25.973333,07-02-2014,164.20000000000002,176.2,380.30000000000007
-30.679722,26.7125,07-02-2014,188.0,216.8,494.5
-29.641944,30.6875,08-02-2014,395.4,406.6,693.8000000000001
-26.648056,27.089444,10-02-2014,238.8,252.50000000000003,566.5
-26.98472222,26.63227778,10-02-2014,215.9,230.00000000000003,516.4
-31.396,29.2651,10-02-2014,276.1,354.40000000000003,839.3
-31.554722,29.245556,10-02-2014,288.0,372.70000000000005,889.8
-27.01011111,26.69808333,11-02-2014,218.3,231.8,512.3
-25.127778,27.628889,11-02-2014,238.10000000000002,245.3,583.8000000000001
-25.20639,27.558,11-02-2014,238.0,244.8,585.8
-24.69514,27.40906,11-02-2014,233.4,241.20000000000002,585.1999999999999
-26.970278,27.211111,11-02-2014,251.10000000000002,261.8,556.5000000000001
-26.880278,26.965,11-02-2014,234.3,247.60000000000002,541.3000000000001
-27.802778,28.768333,11-02-2014,332.3,340.3,656.6000000000001
-26.98472222,26.63227778,11-02-2014,215.9,230.00000000000003,516.4
-27.935,26.126667,11-02-2014,203.0,215.3,427.80000000000007
-28.116667,26.725278,11-02-2014,241.1,250.9,479.40000000000003
-27.044444,27.005,11-02-2014,238.90000000000003,251.90000000000003,537.2
-29.160278,26.573333,11-02-2014,226.0,235.2,466.40000000000003
-28.883333,27.89,11-02-2014,302.20000000000005,315.5,600.2
-30.568333,29.422778,11-02-2014,292.0,324.0,709.4
-30.570833,29.150556,11-02-2014,288.4,316.0,694.4
-31.104278,29.399722,11-02-2014,286.30000000000007,346.30000000000007,787.7
-28.338333,31.373611,11-02-2014,405.9,472.6,913.0
-28.068333,31.55,11-02-2014,363.9,419.70000000000005,816.4999999999999
-29.161667,23.696389,12-02-2014,111.5,121.80000000000001,315.50000000000006
-24.39619444,27.08983333,12-02-2014,209.10000000000002,218.0,537.8
-23.658056,31.05,12-02-2014,207.3,210.5,448.20000000000005
-23.281,30.54305556,12-02-2014,213.1,215.2,560.5
-24.058889,31.237222,12-02-2014,241.8,246.4,504.79999999999995
-28.75,30.442778,12-02-2014,342.90000000000003,345.20000000000005,636.0999999999999
-29.161667,30.629722,12-02-2014,445.0,450.2,784.0000000000001
-26.45,28.085833,12-02-2014,286.40000000000003,291.0,650.6000000000001
-27.044444,27.005,12-02-2014,238.90000000000003,251.90000000000003,537.2
-29.615556,27.065278,12-02-2014,252.0,265.3,541.2
-31.031389,28.883333,12-02-2014,270.70000000000005,310.20000000000005,705.1000000000001
-30.86013889,29.07125,12-02-2014,274.70000000000005,311.1,692.8000000000001
-30.570833,29.150556,12-02-2014,288.4,316.0,694.4
-30.77586667,29.03221667,12-02-2014,277.3,310.20000000000005,684.8000000000001
-32.94583,18.33667,12-02-2014,22.0,156.5,307.40000000000003
-28.44555556,32.325,09-04-2014,323.5,444.1,994.8
-27.4275,28.525833,13-02-2014,326.8,335.3,665.5
-34.031944,22.053333,13-02-2014,84.7,154.89999999999998,394.29999999999995
-34.329722,18.990278,13-02-2014,64.10000000000001,341.00000000000006,689.5
-33.13083,18.86278,13-02-2014,27.200000000000003,196.10000000000002,392.7
-33.897778,20.012778,13-02-2014,44.800000000000004,158.40000000000003,350.9
-24.679167,30.8025,14-02-2014,449.00000000000006,454.80000000000007,965.4000000000002
-27.935,26.126667,14-02-2014,203.0,215.3,427.80000000000007
-34.039722,22.133333,14-02-2014,90.5,164.40000000000003,410.30000000000007
-34.02861,22.22222,14-02-2014,103.19999999999999,183.3,439.00000000000006
-25.99136,27.84208,17-02-2014,279.3,284.3,673.4
-28.735556,29.820556,17-02-2014,362.40000000000003,365.0,702.2
-26.648056,27.089444,17-02-2014,238.8,252.50000000000003,566.5
-27.935,26.126667,17-02-2014,203.0,215.3,427.80000000000007
-28.1175,26.719444,17-02-2014,241.1,250.9,479.40000000000003
-28.116667,26.725278,17-02-2014,241.1,250.9,479.40000000000003
-29.042222,24.6,17-02-2014,142.3,151.0,348.9
-29.033333,23.983333,17-02-2014,126.4,136.3,336.40000000000003
-33.818056,19.694722,17-02-2014,46.1,213.3,441.40000000000003
-33.08883333,19.21878333,17-02-2014,31.3,173.29999999999998,354.5
-27.01011111,26.69808333,18-02-2014,218.3,231.8,512.3
-27.602222,29.942778,18-02-2014,368.20000000000005,371.70000000000005,761.1
-26.970278,27.211111,18-02-2014,251.10000000000002,261.8,556.5000000000001
-26.880278,26.965,18-02-2014,234.3,247.60000000000002,541.3000000000001
-26.98472222,26.63227778,18-02-2014,215.9,230.00000000000003,516.4
-29.160278,26.573333,18-02-2014,226.0,235.2,466.40000000000003
-29.028629,24.638389,18-02-2014,145.8,154.40000000000003,355.00000000000006
-34.075556,20.145556,18-02-2014,46.7,155.00000000000003,357.50000000000006
-32.595833,19.009444,18-02-2014,22.400000000000002,143.8,277.8
-25.45963889,28.26430556,18-02-2014,263.20000000000005,265.6,633.6
-27.495556,26.074722,18-02-2014,197.8,210.70000000000005,457.3
-29.161667,23.696389,19-02-2014,111.5,121.80000000000001,315.50000000000006
-25.81048333,27.90955222,19-02-2014,270.1,274.1,651.5000000000001
-26.905,32.324722,19-02-2014,217.39999999999998,245.6,560.7
-29.744167,29.905833,19-02-2014,371.30000000000007,396.90000000000003,765.8000000000001
-27.169444,29.233889,19-02-2014,307.90000000000003,314.40000000000003,663.7
-27.00222,28.76528,19-02-2014,309.4,315.5,674.1000000000001
-26.73806,27.59194,19-02-2014,270.5,277.0,595.2
-26.45,28.085833,19-02-2014,286.40000000000003,291.0,650.6000000000001
-29.033333,23.983333,19-02-2014,126.4,136.3,336.40000000000003
-28.69485,28.23487,19-02-2014,334.70000000000005,345.30000000000007,640.6000000000001
-28.883333,27.89,19-02-2014,302.20000000000005,315.5,600.2
-33.7075,18.97444444,19-02-2014,43.6,305.4,608.9000000000001
-25.57877778,29.12747222,19-02-2014,287.2,289.3,666.8
-30.830556,26.921389,20-02-2014,186.40000000000003,218.9,511.70000000000005
-28.1175,26.719444,20-02-2014,241.1,250.9,479.40000000000003
-29.658056,25.973333,20-02-2014,164.20000000000002,176.2,380.30000000000007
-30.679722,26.7125,20-02-2014,188.0,216.8,494.5
-30.160091,27.40124,20-02-2014,253.10000000000002,275.40000000000003,570.7
-30.336111,27.359444,20-02-2014,244.0,271.6,583.3000000000001
-33.31388889,19.07472222,20-02-2014,33.800000000000004,229.00000000000003,453.40000000000003
-24.925278,29.324444,21-02-2014,277.3,278.7,574.5000000000001
-30.534167,24.961944,21-02-2014,111.0,136.0,326.50000000000006
-29.7775,29.470833,24-02-2014,412.5,435.8,886.1
-29.744167,29.905833,24-02-2014,371.30000000000007,396.90000000000003,765.8000000000001
-26.45,28.085833,24-02-2014,286.40000000000003,291.0,650.6000000000001
-27.935,26.126667,24-02-2014,203.0,215.3,427.80000000000007
-28.1175,26.719444,24-02-2014,241.1,250.9,479.40000000000003
-28.116667,26.725278,24-02-2014,241.1,250.9,479.40000000000003
-29.160278,26.573333,24-02-2014,226.0,235.2,466.40000000000003
-27.01011111,26.69808333,25-02-2014,218.3,231.8,512.3
-25.127778,27.628889,25-02-2014,238.10000000000002,245.3,583.8000000000001
-24.39619444,27.08983333,25-02-2014,209.10000000000002,218.0,537.8
-24.69514,27.40906,25-02-2014,233.4,241.20000000000002,585.1999999999999
-27.5275,30.858056,25-02-2014,462.70000000000005,488.9000000000001,979.4000000000001
-30.733889,29.828333,25-02-2014,323.5,374.3,788.4
-29.987778,29.851667,25-02-2014,361.70000000000005,392.80000000000007,782.4000000000001
-29.380556,30.2775,25-02-2014,409.1,420.20000000000005,784.4
-26.861111,28.884722,25-02-2014,298.40000000000003,303.5,673.0000000000001
-26.970278,27.211111,25-02-2014,251.10000000000002,261.8,556.5000000000001
-26.880278,26.965,25-02-2014,234.3,247.60000000000002,541.3000000000001
-26.98472222,26.63227778,25-02-2014,215.9,230.00000000000003,516.4
-27.044444,27.005,25-02-2014,238.90000000000003,251.90000000000003,537.2
-33.501667,21.624167,25-02-2014,61.3,108.5,281.2
-28.058889,30.373611,25-02-2014,394.1,399.1,791.6000000000001
-29.161667,23.696389,26-02-2014,111.5,121.80000000000001,315.50000000000006
-25.20639,27.558,26-02-2014,238.0,244.8,585.8
-25.73411,27.21422,26-02-2014,255.60000000000002,269.3,654.2
-26.648056,27.089444,26-02-2014,238.8,252.50000000000003,566.5
-28.116667,26.725278,26-02-2014,241.1,250.9,479.40000000000003
-27.671111,27.236944,26-02-2014,253.70000000000002,263.70000000000005,519.1
-28.768056,20.720556,26-02-2014,34.0,41.800000000000004,202.20000000000002
-27.356667,27.286389,26-02-2014,252.2,262.5,532.6
-30.13573889,30.67422222,27-02-2014,351.1,412.70000000000005,822.5000000000001
-30.398056,30.601944,27-02-2014,349.6,442.4,913.7
-27.902778,24.615556,28-02-2014,166.5,175.4,397.70000000000005
-29.803611,30.516111,28-02-2014,387.70000000000005,411.6,741.1999999999999
-26.73806,27.59194,03-03-2014,270.5,277.0,595.2
-26.45,28.085833,03-03-2014,286.40000000000003,291.0,650.6000000000001
-27.935,26.126667,03-03-2014,203.0,215.3,427.80000000000007
-28.116667,26.725278,03-03-2014,241.1,250.9,479.40000000000003
-32.502778,19.535833,03-03-2014,17.400000000000002,100.2,208.10000000000002
-27.356667,27.286389,03-03-2014,252.2,262.5,532.6
-25.81048333,27.90955222,04-03-2014,270.1,274.1,651.5000000000001
-26.861111,28.884722,04-03-2014,298.40000000000003,303.5,673.0000000000001
-27.02314,28.59389,04-03-2014,311.70000000000005,318.20000000000005,669.6000000000001
-27.398611,26.614722,04-03-2014,233.5,246.10000000000002,501.6000000000001
-27.671111,27.236944,04-03-2014,253.70000000000002,263.70000000000005,519.1
-34.039722,22.133333,04-03-2014,90.5,164.40000000000003,410.30000000000007
-27.495556,26.074722,04-03-2014,197.8,210.70000000000005,457.3
-27.4,26.624722,04-03-2014,233.5,246.10000000000002,501.6000000000001
-29.161667,23.696389,05-03-2014,111.5,121.80000000000001,315.50000000000006
-27.01011111,26.69808333,05-03-2014,218.3,231.8,512.3
-29.140556,31.391944,05-03-2014,298.3,447.5,935.0
-29.744167,29.905833,05-03-2014,371.30000000000007,396.90000000000003,765.8000000000001
-26.880278,26.965,05-03-2014,234.3,247.60000000000002,541.3000000000001
-26.98472222,26.63227778,05-03-2014,215.9,230.00000000000003,516.4
-27.671111,27.236944,05-03-2014,253.70000000000002,263.70000000000005,519.1
-29.033333,23.983333,05-03-2014,126.4,136.3,336.40000000000003
-34.02861,22.22222,05-03-2014,103.19999999999999,183.3,439.00000000000006
-33.13083,18.86278,05-03-2014,27.200000000000003,196.10000000000002,392.7
-25.45963889,28.26430556,05-03-2014,263.20000000000005,265.6,633.6
-22.769722,30.886944,06-03-2014,238.6,242.2,535.8000000000001
-27.937778,31.209444,06-03-2014,411.6,455.20000000000005,881.2
-26.648056,27.089444,06-03-2014,238.8,252.50000000000003,566.5
-26.970278,27.211111,06-03-2014,251.10000000000002,261.8,556.5000000000001
-27.398611,26.614722,06-03-2014,233.5,246.10000000000002,501.6000000000001
-27.044444,27.005,06-03-2014,238.90000000000003,251.90000000000003,537.2
-29.651389,22.746389,06-03-2014,74.60000000000001,87.0,262.00000000000006
-29.1825,23.575556,06-03-2014,103.60000000000001,114.0,306.20000000000005
-34.031944,22.053333,06-03-2014,84.7,154.89999999999998,394.29999999999995
-33.7075,18.97444444,06-03-2014,43.6,305.4,608.9000000000001
-32.94583,18.33667,06-03-2014,22.0,156.5,307.40000000000003
-28.058889,30.373611,06-03-2014,394.1,399.1,791.6000000000001
-28.404444,30.013056,07-03-2014,372.50000000000006,375.1,730.8000000000001
-28.116667,26.725278,07-03-2014,241.1,250.9,479.40000000000003
-29.651389,22.746389,07-03-2014,74.60000000000001,87.0,262.00000000000006
-34.005833,22.351111,07-03-2014,126.2,217.00000000000003,498.99999999999994
-29.380556,30.2775,08-03-2014,409.1,420.20000000000005,784.4
-26.45,28.085833,10-03-2014,286.40000000000003,291.0,650.6000000000001
-26.98472222,26.63227778,10-03-2014,215.9,230.00000000000003,516.4
-28.1175,26.719444,10-03-2014,241.1,250.9,479.40000000000003
-31.396,29.2651,10-03-2014,276.1,354.40000000000003,839.3
-31.554722,29.245556,10-03-2014,288.0,372.70000000000005,889.8
-27.01011111,26.69808333,11-03-2014,218.3,231.8,512.3
-24.183889,30.823889,11-03-2014,276.6,279.0,549.3
-26.861111,28.884722,11-03-2014,298.40000000000003,303.5,673.0000000000001
-26.648056,27.089444,11-03-2014,238.8,252.50000000000003,566.5
-26.970278,27.211111,11-03-2014,251.10000000000002,261.8,556.5000000000001
-26.880278,26.965,11-03-2014,234.3,247.60000000000002,541.3000000000001
-26.98472222,26.63227778,11-03-2014,215.9,230.00000000000003,516.4
-27.902778,24.615556,02-08-2012,181.4,217.9,389.5
-27.044444,27.005,11-03-2014,238.90000000000003,251.90000000000003,537.2
-30.568333,29.422778,11-03-2014,292.0,324.0,709.4
-30.570833,29.150556,11-03-2014,288.4,316.0,694.4
-31.104278,29.399722,11-03-2014,286.30000000000007,346.30000000000007,787.7
-34.092222,21.295278,11-03-2014,78.9,152.10000000000002,374.29999999999995
-29.161667,23.696389,12-03-2014,111.5,121.80000000000001,315.50000000000006
-28.7115,24.07288889,12-03-2014,133.10000000000002,142.2,354.0
-29.641944,30.6875,12-03-2014,395.4,406.6,693.8000000000001
-27.902778,24.615556,20-06-2013,135.20000000000002,140.9,297.6
-24.034167,31.123611,12-03-2014,258.8,263.20000000000005,536.0
-28.44555556,32.325,07-05-2014,323.5,444.1,994.8
-28.75,30.442778,12-03-2014,342.90000000000003,345.20000000000005,636.0999999999999
-29.161667,30.629722,12-03-2014,445.0,450.2,784.0000000000001
-27.02314,28.59389,12-03-2014,311.70000000000005,318.20000000000005,669.6000000000001
-27.273889,28.49,12-03-2014,324.1,332.70000000000005,672.9
-27.4275,28.525833,12-03-2014,326.8,335.3,665.5
-27.3,28.586944,12-03-2014,323.20000000000005,331.6,668.4
-27.902778,24.615556,02-01-2014,236.20000000000002,277.6,345.5
-27.935,26.126667,12-03-2014,203.0,215.3,427.80000000000007
-28.141944,26.417778,12-03-2014,233.8,243.70000000000002,461.6
-29.651389,22.746389,12-03-2014,74.60000000000001,87.0,262.00000000000006
-31.031389,28.883333,12-03-2014,270.70000000000005,310.20000000000005,705.1000000000001
-30.86013889,29.07125,12-03-2014,274.70000000000005,311.1,692.8000000000001
-30.77586667,29.03221667,12-03-2014,277.3,310.20000000000005,684.8000000000001
-27.902778,24.615556,23-05-2014,166.5,175.4,397.70000000000005
-28.338333,31.373611,12-03-2014,405.9,472.6,913.0
-28.068333,31.55,12-03-2014,363.9,419.70000000000005,816.4999999999999
-24.679167,30.8025,13-03-2014,449.00000000000006,454.80000000000007,965.4000000000002
-25.20639,27.558,13-03-2014,238.0,244.8,585.8
-27.573056,24.746389,13-03-2014,170.3,180.9,412.70000000000005
-31.394444,20.947222,13-03-2014,28.0,53.0,160.9
-33.08883333,19.21878333,13-03-2014,31.3,173.29999999999998,354.5
-33.897778,20.012778,13-03-2014,44.800000000000004,158.40000000000003,350.9
-27.902778,24.615556,14-03-2014,166.5,175.4,397.70000000000005
-27.573056,24.746389,15-03-2014,170.3,180.9,412.70000000000005
-28.96362,19.15486,15-03-2014,1.6,13.299999999999999,99.90000000000002
-27.902778,24.615556,21-11-2014,196.0,214.4,377.70000000000005
-25.99136,27.84208,17-03-2014,279.3,284.3,673.4
-28.735556,29.820556,17-03-2014,362.40000000000003,365.0,702.2
-26.73806,27.59194,17-03-2014,270.5,277.0,595.2
-27.935,26.126667,17-03-2014,203.0,215.3,427.80000000000007
-28.1175,26.719444,17-03-2014,241.1,250.9,479.40000000000003
-28.116667,26.725278,17-03-2014,241.1,250.9,479.40000000000003
-29.042222,24.6,17-03-2014,142.3,151.0,348.9
-29.033333,23.983333,17-03-2014,126.4,136.3,336.40000000000003
-23.658056,31.05,18-03-2014,207.3,210.5,448.20000000000005
-23.281,30.54305556,18-03-2014,213.1,215.2,560.5
-27.169444,29.233889,18-03-2014,307.90000000000003,314.40000000000003,663.7
-26.861111,28.884722,18-03-2014,298.40000000000003,303.5,673.0000000000001
-26.98472222,26.63227778,18-03-2014,215.9,230.00000000000003,516.4
-29.028629,24.638389,18-03-2014,145.8,154.40000000000003,355.00000000000006
-33.38056,19.30167,18-03-2014,37.300000000000004,219.0,440.80000000000007
-33.31388889,19.07472222,18-03-2014,33.800000000000004,229.00000000000003,453.40000000000003
-25.45963889,28.26430556,18-03-2014,263.20000000000005,265.6,633.6
-27.495556,26.074722,18-03-2014,197.8,210.70000000000005,457.3
-25.447222,30.711667,18-03-2014,364.9,371.8,783.6
-29.161667,23.696389,19-03-2014,111.5,121.80000000000001,315.50000000000006
-27.01011111,26.69808333,19-03-2014,218.3,231.8,512.3
-25.81048333,27.90955222,19-03-2014,270.1,274.1,651.5000000000001
-27.363611,31.783333,19-03-2014,263.8,291.0,618.6
-26.648056,27.089444,19-03-2014,238.8,252.50000000000003,566.5
-26.970278,27.211111,19-03-2014,251.10000000000002,261.8,556.5000000000001
-26.880278,26.965,19-03-2014,234.3,247.60000000000002,541.3000000000001
-27.044444,27.005,19-03-2014,238.90000000000003,251.90000000000003,537.2
-27.573056,24.746389,19-03-2014,170.3,180.9,412.70000000000005
-29.033333,23.983333,19-03-2014,126.4,136.3,336.40000000000003
-28.376944,24.303056,29-09-2011,132.7,139.4,550.7
-28.376944,24.303056,20-11-2011,132.7,139.4,550.7
-28.376944,24.303056,08-12-2011,132.7,139.4,550.7
-32.595833,19.009444,19-03-2014,22.400000000000002,143.8,277.8
-28.376944,24.303056,19-01-2012,158.2,170.10000000000002,392.6
-26.03611,30.99778,20-03-2014,456.0,471.1,1021.8000000000001
-27.602222,29.942778,20-03-2014,368.20000000000005,371.70000000000005,761.1
-29.744167,29.905833,20-03-2014,371.30000000000007,396.90000000000003,765.8000000000001
-28.376944,24.303056,05-07-2012,158.2,170.10000000000002,392.6
-28.376944,24.303056,11-07-2012,172.2,209.0,392.7
-29.7775,29.470833,24-03-2014,412.5,435.8,886.1
-28.376944,24.303056,16-08-2012,172.2,209.0,392.7
-28.376944,24.303056,30-08-2012,172.2,209.0,392.7
-28.376944,24.303056,27-09-2012,172.2,209.0,392.7
-28.376944,24.303056,17-01-2013,125.5,132.2,285.20000000000005
-28.376944,24.303056,28-02-2013,125.5,132.2,285.20000000000005
-29.987778,29.851667,24-03-2014,361.70000000000005,392.80000000000007,782.4000000000001
-28.376944,24.303056,14-03-2013,125.5,132.2,285.20000000000005
-28.376944,24.303056,11-04-2013,125.5,132.2,285.20000000000005
-28.376944,24.303056,25-04-2013,125.5,132.2,285.20000000000005
-28.376944,24.303056,09-05-2013,125.5,132.2,285.20000000000005
-28.376944,24.303056,20-06-2013,125.5,132.2,285.20000000000005
-28.376944,24.303056,04-07-2013,125.5,132.2,285.20000000000005
-28.376944,24.303056,18-07-2013,161.20000000000002,178.8,291.8
-28.376944,24.303056,01-08-2013,161.20000000000002,178.8,291.8
-28.376944,24.303056,15-08-2013,161.20000000000002,178.8,291.8
-28.376944,24.303056,29-08-2013,161.20000000000002,178.8,291.8
-28.376944,24.303056,12-09-2013,161.20000000000002,178.8,291.8
-28.376944,24.303056,26-09-2013,161.20000000000002,178.8,291.8
-28.376944,24.303056,10-10-2013,161.20000000000002,178.8,291.8
-28.376944,24.303056,24-10-2013,161.20000000000002,178.8,291.8
-28.376944,24.303056,07-11-2013,161.20000000000002,178.8,291.8
-28.376944,24.303056,21-11-2013,161.20000000000002,178.8,291.8
-28.376944,24.303056,02-01-2014,218.70000000000002,257.3,326.9
-28.376944,24.303056,16-01-2014,150.20000000000002,158.8,374.7
-28.376944,24.303056,30-01-2014,150.20000000000002,158.8,374.7
-28.376944,24.303056,27-02-2014,150.20000000000002,158.8,374.7
-29.744167,29.905833,24-03-2014,371.30000000000007,396.90000000000003,765.8000000000001
-26.45,28.085833,24-03-2014,286.40000000000003,291.0,650.6000000000001
-27.935,26.126667,24-03-2014,203.0,215.3,427.80000000000007
-28.141944,26.417778,24-03-2014,233.8,243.70000000000002,461.6
-28.376944,24.303056,05-06-2014,150.20000000000002,158.8,374.7
-28.1175,26.719444,24-03-2014,241.1,250.9,479.40000000000003
-22.225556,29.990556,25-03-2014,130.0,130.0,309.9
-25.127778,27.628889,25-03-2014,238.10000000000002,245.3,583.8000000000001
-24.39619444,27.08983333,25-03-2014,209.10000000000002,218.0,537.8
-24.69514,27.40906,25-03-2014,233.4,241.20000000000002,585.1999999999999
-28.376944,24.303056,23-10-2014,176.2,194.5,357.09999999999997
-30.733889,29.828333,25-03-2014,323.5,374.3,788.4
-26.861111,28.884722,25-03-2014,298.40000000000003,303.5,673.0000000000001
-28.116667,26.725278,25-03-2014,241.1,250.9,479.40000000000003
-29.160278,26.573333,25-03-2014,226.0,235.2,466.40000000000003
-28.69485,28.23487,25-03-2014,334.70000000000005,345.30000000000007,640.6000000000001
-29.615556,27.065278,25-03-2014,252.0,265.3,541.2
-28.883333,27.89,25-03-2014,302.20000000000005,315.5,600.2
-33.501667,21.624167,25-03-2014,61.3,108.5,281.2
-29.161667,23.696389,26-03-2014,111.5,121.80000000000001,315.50000000000006
-27.01011111,26.69808333,26-03-2014,218.3,231.8,512.3
-22.935,28.004167,26-03-2014,141.8,142.8,344.8
-25.20639,27.558,26-03-2014,238.0,244.8,585.8
-28.376944,24.303056,16-07-2015,35.1,76.60000000000001,292.9
-28.376944,24.303056,30-07-2015,35.1,76.60000000000001,292.9
-28.376944,24.303056,13-08-2015,35.1,76.60000000000001,292.9
-28.376944,24.303056,24-09-2015,35.1,76.60000000000001,292.9
-28.376944,24.303056,08-10-2015,35.1,76.60000000000001,292.9
-28.376944,24.303056,22-10-2015,35.1,76.60000000000001,292.9
-28.376944,24.303056,05-11-2015,35.1,76.60000000000001,292.9
-28.376944,24.303056,19-11-2015,35.1,76.60000000000001,292.9
-28.376944,24.303056,03-12-2015,35.1,76.60000000000001,292.9
-28.376944,24.303056,31-12-2015,35.1,76.60000000000001,292.9
-30.398056,30.601944,26-03-2014,349.6,442.4,913.7
-26.648056,27.089444,26-03-2014,238.8,252.50000000000003,566.5
-26.970278,27.211111,26-03-2014,251.10000000000002,261.8,556.5000000000001
-26.880278,26.965,26-03-2014,234.3,247.60000000000002,541.3000000000001
-26.98472222,26.63227778,26-03-2014,215.9,230.00000000000003,516.4
-27.671111,27.236944,26-03-2014,253.70000000000002,263.70000000000005,519.1
-27.044444,27.005,26-03-2014,238.90000000000003,251.90000000000003,537.2
-30.160091,27.40124,26-03-2014,253.10000000000002,275.40000000000003,570.7
-30.336111,27.359444,26-03-2014,244.0,271.6,583.3000000000001
-22.935,28.004167,27-03-2014,141.8,142.8,344.8
-30.830556,26.921389,27-03-2014,186.40000000000003,218.9,511.70000000000005
-22.548889,28.898056,27-03-2014,141.2,141.2,329.1
-22.91028,29.61111,27-03-2014,210.60000000000002,210.60000000000002,445.6
-30.13573889,30.67422222,27-03-2014,351.1,412.70000000000005,822.5000000000001
-27.38972222,26.46388889,27-03-2014,223.7,236.8,491.30000000000007
-27.398611,26.614722,27-03-2014,233.5,246.10000000000002,501.6000000000001
-27.902778,24.615556,27-03-2014,166.5,175.4,397.70000000000005
-29.658056,25.973333,27-03-2014,164.20000000000002,176.2,380.30000000000007
-31.000833,26.353056,27-03-2014,130.3,165.90000000000003,433.80000000000007
-30.679722,26.7125,27-03-2014,188.0,216.8,494.5
-30.534167,24.961944,27-03-2014,111.0,136.0,326.50000000000006
-27.356667,27.286389,27-03-2014,252.2,262.5,532.6
-22.548889,28.898056,28-03-2014,141.2,141.2,329.1
-29.160278,26.573333,28-03-2014,226.0,235.2,466.40000000000003
-29.803611,30.516111,28-03-2014,387.70000000000005,411.6,741.1999999999999
-25.99136,27.84208,31-03-2014,279.3,284.3,673.4
-25.513889,31.224444,31-03-2014,358.90000000000003,369.5,779.8000000000002
-33.818056,19.694722,31-03-2014,46.1,213.3,441.40000000000003
-32.502778,19.535833,31-03-2014,17.400000000000002,100.2,208.10000000000002
-25.681111,31.783333,01-04-2014,266.8,279.2,596.6
-27.935,26.126667,01-04-2014,203.0,215.3,427.80000000000007
-28.1175,26.719444,01-04-2014,241.1,250.9,479.40000000000003
-28.116667,26.725278,01-04-2014,241.1,250.9,479.40000000000003
-27.671111,27.236944,01-04-2014,253.70000000000002,263.70000000000005,519.1
-34.075556,20.145556,01-04-2014,46.7,155.00000000000003,357.50000000000006
-29.161667,23.696389,02-04-2014,111.5,121.80000000000001,315.50000000000006
-25.81048333,27.90955222,02-04-2014,270.1,274.1,651.5000000000001
-22.935,28.004167,02-04-2014,141.8,142.8,344.8
-24.768889,31.39,02-04-2014,293.90000000000003,303.0,647.0999999999999
-24.9675,31.516667,02-04-2014,273.5,283.2,596.6
-28.801278,31.955389,02-04-2014,259.4,399.6,943.5
-29.744167,29.905833,02-04-2014,371.30000000000007,396.90000000000003,765.8000000000001
-27.4275,28.525833,02-04-2014,326.8,335.3,665.5
-27.398611,26.614722,02-04-2014,233.5,246.10000000000002,501.6000000000001
-27.671111,27.236944,02-04-2014,253.70000000000002,263.70000000000005,519.1
-29.033333,23.983333,02-04-2014,126.4,136.3,336.40000000000003
-28.768056,20.720556,02-04-2014,34.0,41.800000000000004,202.20000000000002
-34.031944,22.053333,02-04-2014,84.7,154.89999999999998,394.29999999999995
-34.039722,22.133333,02-04-2014,90.5,164.40000000000003,410.30000000000007
-33.7075,18.97444444,02-04-2014,43.6,305.4,608.9000000000001
-28.058889,30.373611,02-04-2014,394.1,399.1,791.6000000000001
-27.495556,26.074722,02-04-2014,197.8,210.70000000000005,457.3
-27.4,26.624722,02-04-2014,233.5,246.10000000000002,501.6000000000001
-27.01011111,26.69808333,03-04-2014,218.3,231.8,512.3
-22.91028,29.61111,03-04-2014,210.60000000000002,210.60000000000002,445.6
-23.658056,31.05,03-04-2014,207.3,210.5,448.20000000000005
-23.281,30.54305556,03-04-2014,213.1,215.2,560.5
-24.99328,30.81444,03-04-2014,445.8,453.1,950.1
-27.937778,31.209444,03-04-2014,411.6,455.20000000000005,881.2
-27.5275,30.858056,03-04-2014,462.70000000000005,488.9000000000001,979.4000000000001
-26.648056,27.089444,03-04-2014,238.8,252.50000000000003,566.5
-26.970278,27.211111,03-04-2014,251.10000000000002,261.8,556.5000000000001
-26.880278,26.965,03-04-2014,234.3,247.60000000000002,541.3000000000001
-26.98472222,26.63227778,03-04-2014,215.9,230.00000000000003,516.4
-27.044444,27.005,03-04-2014,238.90000000000003,251.90000000000003,537.2
-33.13083,18.86278,03-04-2014,27.200000000000003,196.10000000000002,392.7
-28.404444,30.013056,04-04-2014,372.50000000000006,375.1,730.8000000000001
-28.116667,26.725278,04-04-2014,241.1,250.9,479.40000000000003
-28.735556,29.820556,07-04-2014,362.40000000000003,365.0,702.2
-26.73806,27.59194,07-04-2014,270.5,277.0,595.2
-26.45,28.085833,07-04-2014,286.40000000000003,291.0,650.6000000000001
-26.98472222,26.63227778,07-04-2014,215.9,230.00000000000003,516.4
-27.935,26.126667,07-04-2014,203.0,215.3,427.80000000000007
-28.141944,26.417778,07-04-2014,233.8,243.70000000000002,461.6
-28.1175,26.719444,07-04-2014,241.1,250.9,479.40000000000003
-28.116667,26.725278,07-04-2014,241.1,250.9,479.40000000000003
-29.042222,24.6,07-04-2014,142.3,151.0,348.9
-29.028629,24.638389,07-04-2014,145.8,154.40000000000003,355.00000000000006
-29.033333,23.983333,07-04-2014,126.4,136.3,336.40000000000003
-31.554722,29.245556,07-04-2014,288.0,372.70000000000005,889.8
-27.01011111,26.69808333,08-04-2014,218.3,231.8,512.3
-34.065833,20.404167,08-04-2014,46.2,136.9,329.5
-25.127778,27.628889,08-04-2014,238.10000000000002,245.3,583.8000000000001
-25.20639,27.558,08-04-2014,238.0,244.8,585.8
-24.69514,27.40906,08-04-2014,233.4,241.20000000000002,585.1999999999999
-22.769722,30.886944,08-04-2014,238.6,242.2,535.8000000000001
-27.169444,29.233889,08-04-2014,307.90000000000003,314.40000000000003,663.7
-26.861111,28.884722,08-04-2014,298.40000000000003,303.5,673.0000000000001
-26.648056,27.089444,08-04-2014,238.8,252.50000000000003,566.5
-26.970278,27.211111,08-04-2014,251.10000000000002,261.8,556.5000000000001
-26.880278,26.965,08-04-2014,234.3,247.60000000000002,541.3000000000001
-26.98472222,26.63227778,08-04-2014,215.9,230.00000000000003,516.4
-30.570833,29.150556,08-04-2014,288.4,316.0,694.4
-33.31388889,19.07472222,08-04-2014,33.800000000000004,229.00000000000003,453.40000000000003
-28.338333,31.373611,08-04-2014,405.9,472.6,913.0
-29.658056,25.973333,27-09-2011,138.0,145.3,527.6
-28.068333,31.55,08-04-2014,363.9,419.70000000000005,816.4999999999999
-28.308889,31.9025,08-04-2014,330.20000000000005,418.4,858.7
-25.57877778,29.12747222,08-04-2014,287.2,289.3,666.8
-29.641944,30.6875,09-04-2014,395.4,406.6,693.8000000000001
-25.73411,27.21422,09-04-2014,255.60000000000002,269.3,654.2
-28.44555556,32.325,04-06-2014,323.5,444.1,994.8
-28.75,30.442778,09-04-2014,342.90000000000003,345.20000000000005,636.0999999999999
-29.161667,30.629722,09-04-2014,445.0,450.2,784.0000000000001
-27.00222,28.76528,09-04-2014,309.4,315.5,674.1000000000001
-27.02314,28.59389,09-04-2014,311.70000000000005,318.20000000000005,669.6000000000001
-27.273889,28.49,09-04-2014,324.1,332.70000000000005,672.9
-27.4275,28.525833,09-04-2014,326.8,335.3,665.5
-27.3,28.586944,09-04-2014,323.20000000000005,331.6,668.4
-30.568333,29.422778,09-04-2014,292.0,324.0,709.4
-31.031389,28.883333,09-04-2014,270.70000000000005,310.20000000000005,705.1000000000001
-30.86013889,29.07125,09-04-2014,274.70000000000005,311.1,692.8000000000001
-30.77586667,29.03221667,09-04-2014,277.3,310.20000000000005,684.8000000000001
-32.595833,19.009444,09-04-2014,22.400000000000002,143.8,277.8
-28.376944,24.303056,10-04-2014,150.20000000000002,158.8,374.7
-34.092222,21.295278,10-04-2014,78.9,152.10000000000002,374.29999999999995
-34.329722,18.990278,10-04-2014,64.10000000000001,341.00000000000006,689.5
-33.897778,20.012778,10-04-2014,44.800000000000004,158.40000000000003,350.9
-27.902778,24.615556,11-04-2014,166.5,175.4,397.70000000000005
-24.679167,30.8025,14-04-2014,449.00000000000006,454.80000000000007,965.4000000000002
-25.99136,27.84208,14-04-2014,279.3,284.3,673.4
-26.73806,27.59194,14-04-2014,270.5,277.0,595.2
-28.1175,26.719444,14-04-2014,241.1,250.9,479.40000000000003
-28.116667,26.725278,14-04-2014,241.1,250.9,479.40000000000003
-33.08883333,19.21878333,14-04-2014,31.3,173.29999999999998,354.5
-24.183889,30.823889,15-04-2014,276.6,279.0,549.3
-27.169444,29.233889,15-04-2014,307.90000000000003,314.40000000000003,663.7
-26.861111,28.884722,15-04-2014,298.40000000000003,303.5,673.0000000000001
-27.00222,28.76528,15-04-2014,309.4,315.5,674.1000000000001
-27.4275,28.525833,15-04-2014,326.8,335.3,665.5
-26.98472222,26.63227778,15-04-2014,215.9,230.00000000000003,516.4
-27.935,26.126667,15-04-2014,203.0,215.3,427.80000000000007
-29.160278,26.573333,15-04-2014,226.0,235.2,466.40000000000003
-29.033333,23.983333,15-04-2014,126.4,136.3,336.40000000000003
-25.45963889,28.26430556,15-04-2014,263.20000000000005,265.6,633.6
-29.161667,23.696389,16-04-2014,111.5,121.80000000000001,315.50000000000006
-28.7115,24.07288889,16-04-2014,133.10000000000002,142.2,354.0
-27.01011111,26.69808333,16-04-2014,218.3,231.8,512.3
-25.81048333,27.90955222,16-04-2014,270.1,274.1,651.5000000000001
-26.905,32.324722,16-04-2014,217.39999999999998,245.6,560.7
-27.602222,29.942778,16-04-2014,368.20000000000005,371.70000000000005,761.1
-29.744167,29.905833,16-04-2014,371.30000000000007,396.90000000000003,765.8000000000001
-26.648056,27.089444,16-04-2014,238.8,252.50000000000003,566.5
-26.970278,27.211111,16-04-2014,251.10000000000002,261.8,556.5000000000001
-26.880278,26.965,16-04-2014,234.3,247.60000000000002,541.3000000000001
-29.033333,23.983333,16-04-2014,126.4,136.3,336.40000000000003
-29.1825,23.575556,16-04-2014,103.60000000000001,114.0,306.20000000000005
-28.768056,20.720556,16-04-2014,34.0,41.800000000000004,202.20000000000002
-27.363611,31.783333,17-04-2014,263.8,291.0,618.6
-29.042222,24.6,17-04-2014,142.3,151.0,348.9
-29.028629,24.638389,17-04-2014,145.8,154.40000000000003,355.00000000000006
-29.987778,29.851667,21-04-2014,361.70000000000005,392.80000000000007,782.4000000000001
-29.744167,29.905833,21-04-2014,371.30000000000007,396.90000000000003,765.8000000000001
-30.733889,29.828333,22-04-2014,323.5,374.3,788.4
-29.380556,30.2775,22-04-2014,409.1,420.20000000000005,784.4
-27.935,26.126667,22-04-2014,203.0,215.3,427.80000000000007
-28.141944,26.417778,22-04-2014,233.8,243.70000000000002,461.6
-28.1175,26.719444,22-04-2014,241.1,250.9,479.40000000000003
-28.116667,26.725278,22-04-2014,241.1,250.9,479.40000000000003
-29.160278,26.573333,22-04-2014,226.0,235.2,466.40000000000003
-33.501667,21.624167,22-04-2014,61.3,108.5,281.2
-27.01011111,26.69808333,23-04-2014,218.3,231.8,512.3
-25.127778,27.628889,23-04-2014,238.10000000000002,245.3,583.8000000000001
-25.20639,27.558,23-04-2014,238.0,244.8,585.8
-24.39619444,27.08983333,23-04-2014,209.10000000000002,218.0,537.8
-24.69514,27.40906,23-04-2014,233.4,241.20000000000002,585.1999999999999
-26.970278,27.211111,23-04-2014,251.10000000000002,261.8,556.5000000000001
-26.880278,26.965,23-04-2014,234.3,247.60000000000002,541.3000000000001
-26.98472222,26.63227778,23-04-2014,215.9,230.00000000000003,516.4
-28.1175,26.719444,23-04-2014,241.1,250.9,479.40000000000003
-28.116667,26.725278,23-04-2014,241.1,250.9,479.40000000000003
-27.671111,27.236944,23-04-2014,253.70000000000002,263.70000000000005,519.1
-28.69485,28.23487,23-04-2014,334.70000000000005,345.30000000000007,640.6000000000001
-29.615556,27.065278,23-04-2014,252.0,265.3,541.2
-28.883333,27.89,23-04-2014,302.20000000000005,315.5,600.2
-28.760833,17.730278,24-04-2014,3.8000000000000003,13.800000000000002,73.2
-30.13573889,30.67422222,24-04-2014,351.1,412.70000000000005,822.5000000000001
-27.38972222,26.46388889,24-04-2014,223.7,236.8,491.30000000000007
-28.141944,26.417778,24-04-2014,233.8,243.70000000000002,461.6
-28.1175,26.719444,24-04-2014,241.1,250.9,479.40000000000003
-28.116667,26.725278,24-04-2014,241.1,250.9,479.40000000000003
-27.398611,26.614722,24-04-2014,233.5,246.10000000000002,501.6000000000001
-28.376944,24.303056,24-04-2014,150.20000000000002,158.8,374.7
-30.160091,27.40124,24-04-2014,253.10000000000002,275.40000000000003,570.7
-30.336111,27.359444,24-04-2014,244.0,271.6,583.3000000000001
-27.356667,27.286389,24-04-2014,252.2,262.5,532.6
-30.830556,26.921389,25-04-2014,186.40000000000003,218.9,511.70000000000005
-27.902778,24.615556,25-04-2014,166.5,175.4,397.70000000000005
-31.000833,26.353056,25-04-2014,130.3,165.90000000000003,433.80000000000007
-30.679722,26.7125,25-04-2014,188.0,216.8,494.5
-30.534167,24.961944,25-04-2014,111.0,136.0,326.50000000000006
-29.140556,31.391944,29-04-2014,298.3,447.5,935.0
-25.99136,27.84208,29-04-2014,279.3,284.3,673.4
-28.747778,31.745833,29-04-2014,250.3,387.1,885.0000000000001
-28.801278,31.955389,29-04-2014,259.4,399.6,943.5
-26.73806,27.59194,29-04-2014,270.5,277.0,595.2
-26.45,28.085833,29-04-2014,286.40000000000003,291.0,650.6000000000001
-27.935,26.126667,29-04-2014,203.0,215.3,427.80000000000007
-28.1175,26.719444,29-04-2014,241.1,250.9,479.40000000000003
-27.671111,27.236944,29-04-2014,253.70000000000002,263.70000000000005,519.1
-28.404444,30.013056,30-04-2014,372.50000000000006,375.1,730.8000000000001
-27.169444,29.233889,30-04-2014,307.90000000000003,314.40000000000003,663.7
-26.861111,28.884722,30-04-2014,298.40000000000003,303.5,673.0000000000001
-26.98472222,26.63227778,30-04-2014,215.9,230.00000000000003,516.4
-25.45963889,28.26430556,30-04-2014,263.20000000000005,265.6,633.6
-28.058889,30.373611,30-04-2014,394.1,399.1,791.6000000000001
-27.495556,26.074722,30-04-2014,197.8,210.70000000000005,457.3
-29.033333,23.983333,05-10-2011,100.0,105.0,493.80000000000007
-29.033333,23.983333,25-10-2011,100.0,105.0,493.80000000000007
-29.033333,23.983333,02-11-2011,100.0,105.0,493.80000000000007
-29.033333,23.983333,16-11-2011,100.0,105.0,493.80000000000007
-29.033333,23.983333,14-12-2011,100.0,105.0,493.80000000000007
-29.033333,23.983333,11-01-2012,59.1,97.3,329.29999999999995
-29.033333,23.983333,25-01-2012,141.1,154.1,368.79999999999995
-29.033333,23.983333,22-02-2012,141.1,154.1,368.79999999999995
-25.81048333,27.90955222,01-05-2014,270.1,274.1,651.5000000000001
-27.937778,31.209444,01-05-2014,411.6,455.20000000000005,881.2
-27.5275,30.858056,01-05-2014,462.70000000000005,488.9000000000001,979.4000000000001
-29.033333,23.983333,06-06-2012,141.1,154.1,368.79999999999995
-29.033333,23.983333,13-06-2012,141.1,154.1,368.79999999999995
-29.033333,23.983333,26-06-2012,141.1,154.1,368.79999999999995
-29.033333,23.983333,27-06-2012,141.1,154.1,368.79999999999995
-29.033333,23.983333,11-07-2012,141.0,176.9,364.50000000000006
-29.033333,23.983333,18-07-2012,141.0,176.9,364.50000000000006
-29.033333,23.983333,25-07-2012,141.0,176.9,364.50000000000006
-27.02314,28.59389,01-05-2014,311.70000000000005,318.20000000000005,669.6000000000001
-29.033333,23.983333,22-08-2012,141.0,176.9,364.50000000000006
-29.033333,23.983333,05-09-2012,141.0,176.9,364.50000000000006
-29.033333,23.983333,19-09-2012,141.0,176.9,364.50000000000006
-29.033333,23.983333,17-10-2012,141.0,176.9,364.50000000000006
-29.033333,23.983333,31-10-2012,141.0,176.9,364.50000000000006
-29.033333,23.983333,14-11-2012,141.0,176.9,364.50000000000006
-29.033333,23.983333,28-11-2012,141.0,176.9,364.50000000000006
-29.033333,23.983333,27-02-2013,115.3,123.5,260.6
-26.970278,27.211111,01-05-2014,251.10000000000002,261.8,556.5000000000001
-26.880278,26.965,01-05-2014,234.3,247.60000000000002,541.3000000000001
-29.744167,29.905833,02-05-2014,371.30000000000007,396.90000000000003,765.8000000000001
-34.031944,22.053333,03-05-2014,84.7,154.89999999999998,394.29999999999995
-34.039722,22.133333,03-05-2014,90.5,164.40000000000003,410.30000000000007
-26.970278,27.211111,05-05-2014,251.10000000000002,261.8,556.5000000000001
-26.45,28.085833,05-05-2014,286.40000000000003,291.0,650.6000000000001
-27.935,26.126667,05-05-2014,203.0,215.3,427.80000000000007
-29.033333,23.983333,24-07-2013,135.6,153.6,265.6
-28.141944,26.417778,05-05-2014,233.8,243.70000000000002,461.6
-28.116667,26.725278,05-05-2014,241.1,250.9,479.40000000000003
-27.671111,27.236944,05-05-2014,253.70000000000002,263.70000000000005,519.1
-32.502778,19.535833,05-05-2014,17.400000000000002,100.2,208.10000000000002
-27.01011111,26.69808333,06-05-2014,218.3,231.8,512.3
-29.641944,30.6875,06-05-2014,395.4,406.6,693.8000000000001
-25.127778,27.628889,06-05-2014,238.10000000000002,245.3,583.8000000000001
-25.20639,27.558,06-05-2014,238.0,244.8,585.8
-24.69514,27.40906,06-05-2014,233.4,241.20000000000002,585.1999999999999
-26.006389,29.253889,06-05-2014,308.6,311.8,704.9000000000001
-28.1175,26.719444,06-05-2014,241.1,250.9,479.40000000000003
-27.398611,26.614722,06-05-2014,233.5,246.10000000000002,501.6000000000001
-28.338333,31.373611,06-05-2014,405.9,472.6,913.0
-28.068333,31.55,06-05-2014,363.9,419.70000000000005,816.4999999999999
-27.495556,26.074722,06-05-2014,197.8,210.70000000000005,457.3
-27.4,26.624722,06-05-2014,233.5,246.10000000000002,501.6000000000001
-28.44555556,32.325,03-07-2014,323.5,444.1,994.8
-26.648056,27.089444,07-05-2014,238.8,252.50000000000003,566.5
-29.651389,22.746389,07-05-2014,74.60000000000001,87.0,262.00000000000006
-24.39619444,27.08983333,08-05-2014,209.10000000000002,218.0,537.8
-29.161667,30.629722,08-05-2014,445.0,450.2,784.0000000000001
-29.033333,23.983333,06-08-2014,144.2,163.0,324.8
-29.033333,23.983333,20-08-2014,144.2,163.0,324.8
-29.033333,23.983333,03-09-2014,144.2,163.0,324.8
-28.376944,24.303056,08-05-2014,150.20000000000002,158.8,374.7
-34.031944,22.053333,08-05-2014,84.7,154.89999999999998,394.29999999999995
-34.039722,22.133333,08-05-2014,90.5,164.40000000000003,410.30000000000007
-34.005833,22.351111,08-05-2014,126.2,217.00000000000003,498.99999999999994
-23.838611,31.640833,09-05-2014,220.3,226.60000000000002,462.79999999999995
-27.902778,24.615556,09-05-2014,166.5,175.4,397.70000000000005
-25.99136,27.84208,12-05-2014,279.3,284.3,673.4
-28.735556,29.820556,12-05-2014,362.40000000000003,365.0,702.2
-31.396,29.2651,12-05-2014,276.1,354.40000000000003,839.3
-31.554722,29.245556,12-05-2014,288.0,372.70000000000005,889.8
-29.033333,23.983333,23-09-2015,27.5,68.8,278.09999999999997
-33.818056,19.694722,12-05-2014,46.1,213.3,441.40000000000003
-33.13083,18.86278,12-05-2014,27.200000000000003,196.10000000000002,392.7
-27.01011111,26.69808333,13-05-2014,218.3,231.8,512.3
-25.681111,31.783333,13-05-2014,266.8,279.2,596.6
-25.67386,31.57527,13-05-2014,295.0,307.70000000000005,642.4000000000001
-26.648056,27.089444,13-05-2014,238.8,252.50000000000003,566.5
-26.970278,27.211111,13-05-2014,251.10000000000002,261.8,556.5000000000001
-27.273889,28.49,13-05-2014,324.1,332.70000000000005,672.9
-26.98472222,26.63227778,13-05-2014,215.9,230.00000000000003,516.4
-29.160278,26.573333,13-05-2014,226.0,235.2,466.40000000000003
-30.568333,29.422778,13-05-2014,292.0,324.0,709.4
-31.104278,29.399722,13-05-2014,286.30000000000007,346.30000000000007,787.7
-34.092222,21.295278,13-05-2014,78.9,152.10000000000002,374.29999999999995
-34.075556,20.145556,13-05-2014,46.7,155.00000000000003,357.50000000000006
-25.45963889,28.26430556,13-05-2014,263.20000000000005,265.6,633.6
-25.81048333,27.90955222,14-05-2014,270.1,274.1,651.5000000000001
-24.183889,30.823889,14-05-2014,276.6,279.0,549.3
-24.058889,31.237222,14-05-2014,241.8,246.4,504.79999999999995
-25.67386,31.57527,14-05-2014,295.0,307.70000000000005,642.4000000000001
-26.905,32.324722,14-05-2014,217.39999999999998,245.6,560.7
-29.744167,29.905833,14-05-2014,371.30000000000007,396.90000000000003,765.8000000000001
-27.169444,29.233889,14-05-2014,307.90000000000003,314.40000000000003,663.7
-26.861111,28.884722,14-05-2014,298.40000000000003,303.5,673.0000000000001
-26.73806,27.59194,14-05-2014,270.5,277.0,595.2
-26.45,28.085833,14-05-2014,286.40000000000003,291.0,650.6000000000001
-27.3,28.586944,14-05-2014,323.20000000000005,331.6,668.4
-26.98472222,26.63227778,14-05-2014,215.9,230.00000000000003,516.4
-27.573056,24.746389,14-05-2014,170.3,180.9,412.70000000000005
-30.570833,29.150556,14-05-2014,288.4,316.0,694.4
-33.7075,18.97444444,14-05-2014,43.6,305.4,608.9000000000001
-32.94583,18.33667,14-05-2014,22.0,156.5,307.40000000000003
-27.363611,31.783333,15-05-2014,263.8,291.0,618.6
-31.031389,28.883333,15-05-2014,270.70000000000005,310.20000000000005,705.1000000000001
-30.86013889,29.07125,15-05-2014,274.70000000000005,311.1,692.8000000000001
-30.77586667,29.03221667,15-05-2014,277.3,310.20000000000005,684.8000000000001
-33.38056,19.30167,15-05-2014,37.300000000000004,219.0,440.80000000000007
-33.08883333,19.21878333,15-05-2014,31.3,173.29999999999998,354.5
-24.679167,30.8025,16-05-2014,449.00000000000006,454.80000000000007,965.4000000000002
-27.602222,29.942778,16-05-2014,368.20000000000005,371.70000000000005,761.1
-28.116667,26.725278,16-05-2014,241.1,250.9,479.40000000000003
-29.7775,29.470833,19-05-2014,412.5,435.8,886.1
-29.987778,29.851667,19-05-2014,361.70000000000005,392.80000000000007,782.4000000000001
-29.744167,29.905833,19-05-2014,371.30000000000007,396.90000000000003,765.8000000000001
-26.73806,27.59194,19-05-2014,270.5,277.0,595.2
-26.45,28.085833,19-05-2014,286.40000000000003,291.0,650.6000000000001
-27.935,26.126667,19-05-2014,203.0,215.3,427.80000000000007
-27.671111,27.236944,19-05-2014,253.70000000000002,263.70000000000005,519.1
-29.160278,26.573333,19-05-2014,226.0,235.2,466.40000000000003
-33.31388889,19.07472222,19-05-2014,33.800000000000004,229.00000000000003,453.40000000000003
-27.01011111,26.69808333,20-05-2014,218.3,231.8,512.3
-34.065833,20.404167,20-05-2014,46.2,136.9,329.5
-25.127778,27.628889,20-05-2014,238.10000000000002,245.3,583.8000000000001
-24.39619444,27.08983333,20-05-2014,209.10000000000002,218.0,537.8
-24.69514,27.40906,20-05-2014,233.4,241.20000000000002,585.1999999999999
-26.03611,30.99778,20-05-2014,456.0,471.1,1021.8000000000001
-30.733889,29.828333,20-05-2014,323.5,374.3,788.4
-29.380556,30.2775,20-05-2014,409.1,420.20000000000005,784.4
-27.169444,29.233889,20-05-2014,307.90000000000003,314.40000000000003,663.7
-26.861111,28.884722,20-05-2014,298.40000000000003,303.5,673.0000000000001
-27.00222,28.76528,20-05-2014,309.4,315.5,674.1000000000001
-27.273889,28.49,20-05-2014,324.1,332.70000000000005,672.9
-27.3,28.586944,20-05-2014,323.20000000000005,331.6,668.4
-26.98472222,26.63227778,20-05-2014,215.9,230.00000000000003,516.4
-28.141944,26.417778,20-05-2014,233.8,243.70000000000002,461.6
-28.1175,26.719444,20-05-2014,241.1,250.9,479.40000000000003
-29.042222,24.6,20-05-2014,142.3,151.0,348.9
-29.033333,23.983333,20-05-2014,126.4,136.3,336.40000000000003
-28.69485,28.23487,20-05-2014,334.70000000000005,345.30000000000007,640.6000000000001
-28.883333,27.89,20-05-2014,302.20000000000005,315.5,600.2
-27.495556,26.074722,20-05-2014,197.8,210.70000000000005,457.3
-25.20639,27.558,21-05-2014,238.0,244.8,585.8
-23.658056,31.05,21-05-2014,207.3,210.5,448.20000000000005
-23.281,30.54305556,21-05-2014,213.1,215.2,560.5
-30.398056,30.601944,21-05-2014,349.6,442.4,913.7
-26.648056,27.089444,21-05-2014,238.8,252.50000000000003,566.5
-26.970278,27.211111,21-05-2014,251.10000000000002,261.8,556.5000000000001
-26.880278,26.965,21-05-2014,234.3,247.60000000000002,541.3000000000001
-27.671111,27.236944,21-05-2014,253.70000000000002,263.70000000000005,519.1
-29.028629,24.638389,21-05-2014,145.8,154.40000000000003,355.00000000000006
-30.160091,27.40124,21-05-2014,253.10000000000002,275.40000000000003,570.7
-30.336111,27.359444,21-05-2014,244.0,271.6,583.3000000000001
-34.405833,19.600556,21-05-2014,53.7,232.6,511.59999999999997
-27.356667,27.286389,21-05-2014,252.2,262.5,532.6
-30.830556,26.921389,22-05-2014,186.40000000000003,218.9,511.70000000000005
-22.769722,30.886944,22-05-2014,238.6,242.2,535.8000000000001
-30.13573889,30.67422222,22-05-2014,351.1,412.70000000000005,822.5000000000001
-27.398611,26.614722,22-05-2014,233.5,246.10000000000002,501.6000000000001
-28.376944,24.303056,22-05-2014,150.20000000000002,158.8,374.7
-29.658056,25.973333,22-05-2014,164.20000000000002,176.2,380.30000000000007
-31.000833,26.353056,22-05-2014,130.3,165.90000000000003,433.80000000000007
-30.679722,26.7125,22-05-2014,188.0,216.8,494.5
-34.329722,18.990278,22-05-2014,64.10000000000001,341.00000000000006,689.5
-33.897778,20.012778,22-05-2014,44.800000000000004,158.40000000000003,350.9
-29.615556,27.065278,23-05-2014,252.0,265.3,541.2
-29.803611,30.516111,23-05-2014,387.70000000000005,411.6,741.1999999999999
-25.99136,27.84208,26-05-2014,279.3,284.3,673.4
-23.838611,31.640833,26-05-2014,220.3,226.60000000000002,462.79999999999995
-27.01011111,26.69808333,27-05-2014,218.3,231.8,512.3
-29.140556,31.391944,27-05-2014,298.3,447.5,935.0
-28.801278,31.955389,27-05-2014,259.4,399.6,943.5
-26.970278,27.211111,27-05-2014,251.10000000000002,261.8,556.5000000000001
-26.98472222,26.63227778,27-05-2014,215.9,230.00000000000003,516.4
-33.501667,21.624167,27-05-2014,61.3,108.5,281.2
-25.45963889,28.26430556,27-05-2014,263.20000000000005,265.6,633.6
-25.81048333,27.90955222,28-05-2014,270.1,274.1,651.5000000000001
-22.935,28.004167,28-05-2014,141.8,142.8,344.8
-24.282222,28.090278,28-05-2014,259.40000000000003,264.20000000000005,619.9000000000001
-23.763056,27.908611,28-05-2014,208.20000000000002,212.10000000000002,508.70000000000005
-28.747778,31.745833,28-05-2014,250.3,387.1,885.0000000000001
-27.937778,31.209444,28-05-2014,411.6,455.20000000000005,881.2
-28.404444,30.013056,28-05-2014,372.50000000000006,375.1,730.8000000000001
-29.744167,29.905833,28-05-2014,371.30000000000007,396.90000000000003,765.8000000000001
-27.00222,28.76528,28-05-2014,309.4,315.5,674.1000000000001
-31.436944,20.474722,28-05-2014,24.2,59.2,163.4
-29.1825,23.575556,28-05-2014,103.60000000000001,114.0,306.20000000000005
-28.768056,20.720556,28-05-2014,34.0,41.800000000000004,202.20000000000002
-28.058889,30.373611,28-05-2014,394.1,399.1,791.6000000000001
-22.225556,29.990556,29-05-2014,130.0,130.0,309.9
-22.91028,29.61111,29-05-2014,210.60000000000002,210.60000000000002,445.6
-27.5275,30.858056,29-05-2014,462.70000000000005,488.9000000000001,979.4000000000001
-27.398611,26.614722,29-05-2014,233.5,246.10000000000002,501.6000000000001
-27.573056,24.746389,29-05-2014,170.3,180.9,412.70000000000005
-25.57877778,29.12747222,29-05-2014,287.2,289.3,666.8
-27.398611,26.614722,30-05-2014,233.5,246.10000000000002,501.6000000000001
-29.160278,26.573333,02-06-2014,226.0,235.2,466.40000000000003
-24.670833,28.560833,03-06-2014,301.6,302.7,603.3000000000001
-25.127778,27.628889,03-06-2014,238.10000000000002,245.3,583.8000000000001
-25.20639,27.558,03-06-2014,238.0,244.8,585.8
-24.69514,27.40906,03-06-2014,233.4,241.20000000000002,585.1999999999999
-27.935,26.126667,03-06-2014,203.0,215.3,427.80000000000007
-28.141944,26.417778,03-06-2014,233.8,243.70000000000002,461.6
-28.338333,31.373611,03-06-2014,405.9,472.6,913.0
-28.068333,31.55,03-06-2014,363.9,419.70000000000005,816.4999999999999
-29.641944,30.6875,04-06-2014,395.4,406.6,693.8000000000001
-24.39619444,27.08983333,04-06-2014,209.10000000000002,218.0,537.8
-28.44555556,32.325,30-07-2014,357.4,492.8,1007.2
-28.75,30.442778,04-06-2014,342.90000000000003,345.20000000000005,636.0999999999999
-29.161667,30.629722,04-06-2014,445.0,450.2,784.0000000000001
-34.005833,22.351111,04-06-2014,126.2,217.00000000000003,498.99999999999994
-26.98472222,26.63227778,05-06-2014,215.9,230.00000000000003,516.4
-27.902778,24.615556,05-06-2014,166.5,175.4,397.70000000000005
-33.970833,22.548333,05-06-2014,151.7,254.2,558.1
-28.308889,31.9025,05-06-2014,330.20000000000005,418.4,858.7
-25.99136,27.84208,09-06-2014,279.3,284.3,673.4
-26.73806,27.59194,09-06-2014,270.5,277.0,595.2
-26.45,28.085833,09-06-2014,286.40000000000003,291.0,650.6000000000001
-27.671111,27.236944,09-06-2014,253.70000000000002,263.70000000000005,519.1
-31.396,29.2651,09-06-2014,276.1,354.40000000000003,839.3
-31.554722,29.245556,09-06-2014,288.0,372.70000000000005,889.8
-33.818056,19.694722,09-06-2014,46.1,213.3,441.40000000000003
-23.658056,31.05,10-06-2014,207.3,210.5,448.20000000000005
-23.281,30.54305556,10-06-2014,213.1,215.2,560.5
-25.681111,31.783333,10-06-2014,266.8,279.2,596.6
-25.362222,31.956667,10-06-2014,248.0,261.2,582.6
-28.735556,29.820556,10-06-2014,362.40000000000003,365.0,702.2
-29.615556,27.065278,10-06-2014,252.0,265.3,541.2
-30.570833,29.150556,10-06-2014,288.4,316.0,694.4
-34.092222,21.295278,10-06-2014,78.9,152.10000000000002,374.29999999999995
-34.075556,20.145556,10-06-2014,46.7,155.00000000000003,357.50000000000006
-31.5653,18.3306,10-06-2014,13.3,99.10000000000001,182.10000000000002
-32.94583,18.33667,10-06-2014,22.0,156.5,307.40000000000003
-25.45963889,28.26430556,10-06-2014,263.20000000000005,265.6,633.6
-25.81048333,27.90955222,11-06-2014,270.1,274.1,651.5000000000001
-24.768889,31.39,11-06-2014,293.90000000000003,303.0,647.0999999999999
-26.905,32.324722,11-06-2014,217.39999999999998,245.6,560.7
-27.602222,29.942778,11-06-2014,368.20000000000005,371.70000000000005,761.1
-27.00222,28.76528,11-06-2014,309.4,315.5,674.1000000000001
-27.02314,28.59389,11-06-2014,311.70000000000005,318.20000000000005,669.6000000000001
-27.273889,28.49,11-06-2014,324.1,332.70000000000005,672.9
-27.3,28.586944,11-06-2014,323.20000000000005,331.6,668.4
-27.935,26.126667,11-06-2014,203.0,215.3,427.80000000000007
-28.69485,28.23487,11-06-2014,334.70000000000005,345.30000000000007,640.6000000000001
-28.883333,27.89,11-06-2014,302.20000000000005,315.5,600.2
-28.768056,20.720556,11-06-2014,34.0,41.800000000000004,202.20000000000002
-30.568333,29.422778,11-06-2014,292.0,324.0,709.4
-30.86013889,29.07125,11-06-2014,274.70000000000005,311.1,692.8000000000001
-30.77586667,29.03221667,11-06-2014,277.3,310.20000000000005,684.8000000000001
-33.13083,18.86278,11-06-2014,27.200000000000003,196.10000000000002,392.7
-33.7075,18.97444444,11-06-2014,43.6,305.4,608.9000000000001
-25.57877778,29.12747222,11-06-2014,287.2,289.3,666.8
-22.769722,30.886944,12-06-2014,238.6,242.2,535.8000000000001
-26.006389,29.253889,12-06-2014,308.6,311.8,704.9000000000001
-25.513889,31.224444,12-06-2014,358.90000000000003,369.5,779.8000000000002
-27.363611,31.783333,12-06-2014,263.8,291.0,618.6
-28.141944,26.417778,12-06-2014,233.8,243.70000000000002,461.6
-28.1175,26.719444,12-06-2014,241.1,250.9,479.40000000000003
-31.436944,20.474722,12-06-2014,24.2,59.2,163.4
-30.568333,29.422778,12-06-2014,292.0,324.0,709.4
-24.99328,30.81444,13-06-2014,445.8,453.1,950.1
-29.744167,29.905833,13-06-2014,371.30000000000007,396.90000000000003,765.8000000000001
-27.573056,24.746389,13-06-2014,170.3,180.9,412.70000000000005
-31.436944,20.474722,13-06-2014,24.2,59.2,163.4
-29.987778,29.851667,16-06-2014,361.70000000000005,392.80000000000007,782.4000000000001
-29.744167,29.905833,16-06-2014,371.30000000000007,396.90000000000003,765.8000000000001
-25.127778,27.628889,17-06-2014,238.10000000000002,245.3,583.8000000000001
-24.39619444,27.08983333,17-06-2014,209.10000000000002,218.0,537.8
-24.69514,27.40906,17-06-2014,233.4,241.20000000000002,585.1999999999999
-30.733889,29.828333,17-06-2014,323.5,374.3,788.4
-29.380556,30.2775,17-06-2014,409.1,420.20000000000005,784.4
-28.1175,26.719444,17-06-2014,241.1,250.9,479.40000000000003
-28.116667,26.725278,17-06-2014,241.1,250.9,479.40000000000003
-33.38056,19.30167,17-06-2014,37.300000000000004,219.0,440.80000000000007
-27.01011111,26.69808333,18-06-2014,218.3,231.8,512.3
-24.183889,30.823889,18-06-2014,276.6,279.0,549.3
-25.20639,27.558,18-06-2014,238.0,244.8,585.8
-24.058889,31.237222,18-06-2014,241.8,246.4,504.79999999999995
-24.034167,31.123611,18-06-2014,258.8,263.20000000000005,536.0
-30.398056,30.601944,18-06-2014,349.6,442.4,913.7
-26.98472222,26.63227778,18-06-2014,215.9,230.00000000000003,516.4
-27.935,26.126667,18-06-2014,203.0,215.3,427.80000000000007
-33.31388889,19.07472222,18-06-2014,33.800000000000004,229.00000000000003,453.40000000000003
-30.13573889,30.67422222,19-06-2014,351.1,412.70000000000005,822.5000000000001
-26.970278,27.211111,19-06-2014,251.10000000000002,261.8,556.5000000000001
-27.398611,26.614722,19-06-2014,233.5,246.10000000000002,501.6000000000001
-27.671111,27.236944,19-06-2014,253.70000000000002,263.70000000000005,519.1
-28.376944,24.303056,19-06-2014,150.20000000000002,158.8,374.7
-27.4,26.624722,19-06-2014,233.5,246.10000000000002,501.6000000000001
-24.679167,30.8025,20-06-2014,449.00000000000006,454.80000000000007,965.4000000000002
-26.880278,26.965,20-06-2014,234.3,247.60000000000002,541.3000000000001
-29.803611,30.516111,20-06-2014,387.70000000000005,411.6,741.1999999999999
-23.838611,31.640833,21-06-2014,220.3,226.60000000000002,462.79999999999995
-25.99136,27.84208,23-06-2014,279.3,284.3,673.4
-26.73806,27.59194,23-06-2014,270.5,277.0,595.2
-26.45,28.085833,23-06-2014,286.40000000000003,291.0,650.6000000000001
-29.160278,26.573333,23-06-2014,226.0,235.2,466.40000000000003
-29.042222,24.6,23-06-2014,142.3,151.0,348.9
-29.033333,23.983333,23-06-2014,126.4,136.3,336.40000000000003
-27.01011111,26.69808333,24-06-2014,218.3,231.8,512.3
-29.140556,31.391944,24-06-2014,298.3,447.5,935.0
-34.065833,20.404167,24-06-2014,46.2,136.9,329.5
-31.860278,18.6875,24-06-2014,19.400000000000002,114.6,216.8
-24.282222,28.090278,24-06-2014,259.40000000000003,264.20000000000005,619.9000000000001
-26.03611,30.99778,24-06-2014,456.0,471.1,1021.8000000000001
-25.362222,31.956667,24-06-2014,248.0,261.2,582.6
-25.14944444,31.94055556,24-06-2014,246.0,259.1,573.6000000000001
-27.169444,29.233889,24-06-2014,307.90000000000003,314.40000000000003,663.7
-26.648056,27.089444,24-06-2014,238.8,252.50000000000003,566.5
-26.970278,27.211111,24-06-2014,251.10000000000002,261.8,556.5000000000001
-26.880278,26.965,24-06-2014,234.3,247.60000000000002,541.3000000000001
-26.98472222,26.63227778,24-06-2014,215.9,230.00000000000003,516.4
-28.141944,26.417778,24-06-2014,233.8,243.70000000000002,461.6
-28.1175,26.719444,24-06-2014,241.1,250.9,479.40000000000003
-28.116667,26.725278,24-06-2014,241.1,250.9,479.40000000000003
-29.028629,24.638389,24-06-2014,145.8,154.40000000000003,355.00000000000006
-28.69485,28.23487,24-06-2014,334.70000000000005,345.30000000000007,640.6000000000001
-29.615556,27.065278,24-06-2014,252.0,265.3,541.2
-33.501667,21.624167,24-06-2014,61.3,108.5,281.2
-25.45963889,28.26430556,24-06-2014,263.20000000000005,265.6,633.6
-25.81048333,27.90955222,25-06-2014,270.1,274.1,651.5000000000001
-23.763056,27.908611,25-06-2014,208.20000000000002,212.10000000000002,508.70000000000005
-23.23572222,27.717,25-06-2014,147.5,149.4,374.20000000000005
-28.404444,30.013056,25-06-2014,372.50000000000006,375.1,730.8000000000001
-29.744167,29.905833,25-06-2014,371.30000000000007,396.90000000000003,765.8000000000001
-27.3,28.586944,25-06-2014,323.20000000000005,331.6,668.4
-27.802778,28.768333,25-06-2014,332.3,340.3,656.6000000000001
-27.671111,27.236944,25-06-2014,253.70000000000002,263.70000000000005,519.1
-30.160091,27.40124,25-06-2014,253.10000000000002,275.40000000000003,570.7
-30.336111,27.359444,25-06-2014,244.0,271.6,583.3000000000001
-34.405833,19.600556,25-06-2014,53.7,232.6,511.59999999999997
-28.058889,30.373611,25-06-2014,394.1,399.1,791.6000000000001
-29.161667,23.696389,26-06-2014,111.5,121.80000000000001,315.50000000000006
-30.830556,26.921389,26-06-2014,186.40000000000003,218.9,511.70000000000005
-22.91028,29.61111,26-06-2014,210.60000000000002,210.60000000000002,445.6
-26.006389,29.253889,26-06-2014,308.6,311.8,704.9000000000001
-25.49037,30.6986,26-06-2014,373.80000000000007,380.70000000000005,803.5
-27.5275,30.858056,26-06-2014,462.70000000000005,488.9000000000001,979.4000000000001
-27.4275,28.525833,26-06-2014,326.8,335.3,665.5
-27.38972222,26.46388889,26-06-2014,223.7,236.8,491.30000000000007
-27.398611,26.614722,26-06-2014,233.5,246.10000000000002,501.6000000000001
-27.573056,24.746389,26-06-2014,170.3,180.9,412.70000000000005
-31.000833,26.353056,26-06-2014,130.3,165.90000000000003,433.80000000000007
-30.679722,26.7125,26-06-2014,188.0,216.8,494.5
-33.897778,20.012778,26-06-2014,44.800000000000004,158.40000000000003,350.9
-28.7115,24.07288889,27-06-2014,133.10000000000002,142.2,354.0
-23.23572222,27.717,27-06-2014,147.5,149.4,374.20000000000005
-24.058889,31.237222,27-06-2014,241.8,246.4,504.79999999999995
-27.902778,24.615556,27-06-2014,166.5,175.4,397.70000000000005
-29.658056,25.973333,27-06-2014,164.20000000000002,176.2,380.30000000000007
-30.534167,24.961944,27-06-2014,111.0,136.0,326.50000000000006
-26.45,28.085833,30-06-2014,286.40000000000003,291.0,650.6000000000001
-27.671111,27.236944,30-06-2014,253.70000000000002,263.70000000000005,519.1
-25.57877778,29.12747222,30-06-2014,287.2,289.3,666.8
-25.127778,27.628889,01-07-2014,238.10000000000002,245.3,583.8000000000001
-25.20639,27.558,01-07-2014,238.0,244.8,585.8
-24.69514,27.40906,01-07-2014,233.4,241.20000000000002,585.1999999999999
-26.861111,28.884722,01-07-2014,298.40000000000003,303.5,673.0000000000001
-26.98472222,26.63227778,01-07-2014,215.9,230.00000000000003,516.4
-28.1175,26.719444,01-07-2014,241.1,250.9,479.40000000000003
-27.671111,27.236944,01-07-2014,253.70000000000002,263.70000000000005,519.1
-34.031944,22.053333,01-07-2014,84.7,154.89999999999998,394.29999999999995
-34.039722,22.133333,01-07-2014,90.5,164.40000000000003,410.30000000000007
-28.068333,31.55,01-07-2014,363.9,419.70000000000005,816.4999999999999
-27.495556,26.074722,01-07-2014,197.8,210.70000000000005,457.3
-29.161667,23.696389,02-07-2014,111.5,121.80000000000001,315.50000000000006
-27.01011111,26.69808333,02-07-2014,218.3,231.8,512.3
-29.641944,30.6875,02-07-2014,395.4,406.6,693.8000000000001
-24.39619444,27.08983333,02-07-2014,209.10000000000002,218.0,537.8
-27.00222,28.76528,02-07-2014,309.4,315.5,674.1000000000001
-27.02314,28.59389,02-07-2014,311.70000000000005,318.20000000000005,669.6000000000001
-26.648056,27.089444,02-07-2014,238.8,252.50000000000003,566.5
-26.880278,26.965,02-07-2014,234.3,247.60000000000002,541.3000000000001
-27.273889,28.49,02-07-2014,324.1,332.70000000000005,672.9
-27.4275,28.525833,02-07-2014,326.8,335.3,665.5
-27.3,28.586944,02-07-2014,323.20000000000005,331.6,668.4
-28.44555556,32.325,27-08-2014,357.4,492.8,1007.2
-27.671111,27.236944,03-07-2014,253.70000000000002,263.70000000000005,519.1
-34.005833,22.351111,03-07-2014,126.2,217.00000000000003,498.99999999999994
-28.308889,31.9025,03-07-2014,330.20000000000005,418.4,858.7
-25.99136,27.84208,07-07-2014,279.3,284.3,673.4
-28.735556,29.820556,07-07-2014,362.40000000000003,365.0,702.2
-26.73806,27.59194,07-07-2014,270.5,277.0,595.2
-26.45,28.085833,07-07-2014,286.40000000000003,291.0,650.6000000000001
-26.98472222,26.63227778,07-07-2014,215.9,230.00000000000003,516.4
-28.1175,26.719444,07-07-2014,241.1,250.9,479.40000000000003
-28.116667,26.725278,07-07-2014,241.1,250.9,479.40000000000003
-27.169444,29.233889,08-07-2014,307.90000000000003,314.40000000000003,663.7
-26.861111,28.884722,08-07-2014,298.40000000000003,303.5,673.0000000000001
-31.436944,20.474722,08-07-2014,24.2,59.2,163.4
-31.394444,20.947222,08-07-2014,28.0,53.0,160.9
-34.092222,21.295278,08-07-2014,78.9,152.10000000000002,374.29999999999995
-25.45963889,28.26430556,08-07-2014,263.20000000000005,265.6,633.6
-29.161667,23.696389,09-07-2014,126.50000000000001,145.10000000000002,305.5000000000001
-25.81048333,27.90955222,09-07-2014,313.5,331.1,621.1
-25.362222,31.956667,09-07-2014,281.4,318.6,572.1999999999999
-26.905,32.324722,09-07-2014,263.6,315.4,577.4
-27.602222,29.942778,09-07-2014,402.3,428.90000000000003,744.5000000000001
-26.98472222,26.63227778,09-07-2014,249.9,277.6,491.4
-27.935,26.126667,09-07-2014,229.3,252.8,417.20000000000005
-28.141944,26.417778,09-07-2014,260.1,281.0,455.3
-29.033333,23.983333,09-07-2014,144.2,163.0,324.8
-30.568333,29.422778,09-07-2014,310.8,359.2,680.2
-30.570833,29.150556,09-07-2014,310.3,353.5,665.9
-31.104278,29.399722,09-07-2014,293.0,373.70000000000005,749.2
-27.4,26.624722,09-07-2014,259.3,287.90000000000003,484.9000000000001
-27.01011111,26.69808333,10-07-2014,250.4,277.90000000000003,488.80000000000007
-25.436111,31.982222,10-07-2014,284.0,322.00000000000006,586.0
-27.363611,31.783333,10-07-2014,294.00000000000006,352.1,628.1
-26.648056,27.089444,10-07-2014,274.3,300.6,539.4000000000001
-26.970278,27.211111,10-07-2014,283.1,307.6,534.4
-26.880278,26.965,10-07-2014,267.6,294.40000000000003,516.9
-31.031389,28.883333,10-07-2014,286.90000000000003,341.6,672.9000000000001
-30.86013889,29.07125,10-07-2014,289.6,341.5,661.8000000000001
-30.77586667,29.03221667,10-07-2014,294.3,342.20000000000005,654.4000000000001
-31.396,29.2651,11-07-2014,280.5,381.2,798.7
-29.7775,29.470833,14-07-2014,455.90000000000003,496.6,870.0999999999999
-29.744167,29.905833,14-07-2014,398.8,442.70000000000005,754.6
-26.45,28.085833,14-07-2014,322.20000000000005,341.6,626.0000000000001
-27.671111,27.236944,14-07-2014,280.90000000000003,304.30000000000007,508.30000000000007
-29.160278,26.573333,14-07-2014,247.6,269.09999999999997,468.7
-33.818056,19.694722,14-07-2014,56.50000000000001,162.79999999999998,418.0
-32.502778,19.535833,14-07-2014,19.400000000000002,67.5,194.90000000000003
-25.57877778,29.12747222,14-07-2014,323.79999999999995,344.70000000000005,638.3
-25.127778,27.628889,15-07-2014,275.8,292.5,554.4000000000001
-24.39619444,27.08983333,15-07-2014,244.3,262.0,504.70000000000005
-24.69514,27.40906,15-07-2014,271.90000000000003,289.3,551.4
-26.006389,29.253889,15-07-2014,349.20000000000005,372.70000000000005,676.6999999999999
-30.733889,29.828333,15-07-2014,333.70000000000005,405.8,753.6
-29.987778,29.851667,15-07-2014,386.1,436.20000000000005,764.2
-29.380556,30.2775,15-07-2014,439.30000000000007,469.6,779.6999999999999
-26.861111,28.884722,15-07-2014,331.5,354.2,651.0000000000001
-26.98472222,26.63227778,15-07-2014,249.9,277.6,491.4
-28.768056,20.720556,15-07-2014,40.60000000000001,51.8,184.70000000000002
-34.075556,20.145556,15-07-2014,58.300000000000004,131.70000000000002,329.6
-31.5653,18.3306,15-07-2014,14.100000000000001,58.00000000000001,173.8
-32.94583,18.33667,15-07-2014,25.7,99.6,295.3
-27.495556,26.074722,15-07-2014,227.30000000000004,251.10000000000005,439.6
-29.161667,23.696389,16-07-2014,126.50000000000001,145.10000000000002,305.5000000000001
-27.01011111,26.69808333,16-07-2014,250.4,277.90000000000003,488.80000000000007
-25.20639,27.558,16-07-2014,275.6,292.40000000000003,555.8
-26.03611,30.99778,16-07-2014,492.8,558.6,1004.9000000000001
-30.398056,30.601944,16-07-2014,338.6,475.2,875.3
-26.648056,27.089444,16-07-2014,274.3,300.6,539.4000000000001
-26.970278,27.211111,16-07-2014,283.1,307.6,534.4
-26.880278,26.965,16-07-2014,267.6,294.40000000000003,516.9
-27.044444,27.005,16-07-2014,270.3,297.40000000000003,515.6
-33.13083,18.86278,16-07-2014,33.400000000000006,128.20000000000002,375.3
-28.1175,26.719444,17-07-2014,267.5,288.9,473.8
-28.116667,26.725278,17-07-2014,267.5,288.9,473.8
-28.376944,24.303056,17-07-2014,176.2,194.5,357.09999999999997
-24.95861111,29.39527778,18-07-2014,305.6,324.1,561.0
-29.744167,29.905833,18-07-2014,398.8,442.70000000000005,754.6
-27.902778,24.615556,18-07-2014,196.0,214.4,377.70000000000005
-29.803611,30.516111,18-07-2014,411.2,456.8,744.7
-29.140556,31.391944,21-07-2014,318.8,529.2,983.6000000000001
-25.99136,27.84208,21-07-2014,323.5,343.0,642.1
-25.513889,31.224444,21-07-2014,389.8,436.70000000000005,764.2
-29.160278,26.573333,21-07-2014,247.6,269.09999999999997,468.7
-29.042222,24.6,21-07-2014,164.10000000000002,180.8,336.1
-29.033333,23.983333,21-07-2014,144.2,163.0,324.8
-25.398889,31.610556,22-07-2014,300.8,338.8,589.7
-28.801278,31.955389,22-07-2014,256.1,437.90000000000003,951.0000000000001
-27.935,26.126667,22-07-2014,229.3,252.8,417.20000000000005
-28.1175,26.719444,22-07-2014,267.5,288.9,473.8
-28.116667,26.725278,22-07-2014,267.5,288.9,473.8
-29.028629,24.638389,22-07-2014,168.40000000000003,185.20000000000005,341.70000000000005
-28.69485,28.23487,22-07-2014,368.2,394.50000000000006,638.6000000000001
-29.615556,27.065278,22-07-2014,275.59999999999997,302.2,542.0
-28.883333,27.89,22-07-2014,334.9,362.9,599.0000000000001
-25.45963889,28.26430556,22-07-2014,302.50000000000006,317.20000000000005,606.2
-25.81048333,27.90955222,23-07-2014,313.5,331.1,621.1
-24.282222,28.090278,23-07-2014,306.40000000000003,319.80000000000007,579.7000000000002
-28.747778,31.745833,23-07-2014,237.70000000000005,431.4,895.7
-28.404444,30.013056,23-07-2014,403.3,425.6,720.8000000000001
-30.160091,27.40124,23-07-2014,275.3,311.80000000000007,566.8000000000001
-30.336111,27.359444,23-07-2014,265.3,307.1,577.9
-33.501667,21.624167,23-07-2014,70.8,110.6,241.50000000000006
-28.058889,30.373611,23-07-2014,429.0,456.90000000000003,782.9000000000001
-22.935,28.004167,24-07-2014,165.20000000000002,170.20000000000002,289.59999999999997
-30.830556,26.921389,24-07-2014,204.5,246.60000000000002,504.70000000000005
-24.99328,30.81444,24-07-2014,480.3,531.3,916.4000000000001
-27.937778,31.209444,24-07-2014,482.8,559.6,934.4000000000001
-27.5275,30.858056,24-07-2014,523.9000000000001,594.7,1008.0
-31.000833,26.353056,24-07-2014,149.7,190.8,428.1
-30.679722,26.7125,24-07-2014,206.2,244.10000000000002,489.6
-30.534167,24.961944,24-07-2014,127.5,158.2,321.50000000000006
-29.744167,29.905833,25-07-2014,398.8,442.70000000000005,754.6
-29.658056,25.973333,25-07-2014,183.6,203.29999999999998,379.1
-33.38056,19.30167,28-07-2014,46.9,158.8,417.0
-30.534167,24.961944,16-08-2011,96.5,102.5,434.20000000000005
-27.01011111,26.69808333,29-07-2014,250.4,277.90000000000003,488.80000000000007
-30.534167,24.961944,08-09-2011,96.5,102.5,434.20000000000005
-30.534167,24.961944,28-09-2011,96.5,102.5,434.20000000000005
-30.534167,24.961944,07-10-2011,96.5,102.5,434.20000000000005
-30.534167,24.961944,04-11-2011,96.5,102.5,434.20000000000005
-30.534167,24.961944,02-12-2011,96.5,102.5,434.20000000000005
-30.534167,24.961944,23-12-2011,96.5,102.5,434.20000000000005
-30.534167,24.961944,03-02-2012,123.60000000000001,144.40000000000003,347.8
-30.534167,24.961944,02-03-2012,123.60000000000001,144.40000000000003,347.8
-30.534167,24.961944,30-03-2012,123.60000000000001,144.40000000000003,347.8
-30.534167,24.961944,25-05-2012,123.60000000000001,144.40000000000003,347.8
-34.065833,20.404167,29-07-2014,56.400000000000006,118.9,302.20000000000005
-22.91028,29.61111,29-07-2014,242.5,249.20000000000002,379.5
-30.534167,24.961944,20-07-2012,101.7,149.8,333.90000000000003
-30.534167,24.961944,14-09-2012,101.7,149.8,333.90000000000003
-30.534167,24.961944,12-10-2012,101.7,149.8,333.90000000000003
-30.534167,24.961944,09-11-2012,101.7,149.8,333.90000000000003
-30.534167,24.961944,06-12-2012,101.7,149.8,333.90000000000003
-25.127778,27.628889,29-07-2014,275.8,292.5,554.4000000000001
-30.534167,24.961944,08-02-2013,122.80000000000001,130.00000000000003,266.3
-25.20639,27.558,29-07-2014,275.6,292.40000000000003,555.8
-24.69514,27.40906,29-07-2014,271.90000000000003,289.3,551.4
-28.75,30.442778,29-07-2014,370.4,388.6,629.3000000000001
-26.880278,26.965,29-07-2014,267.6,294.40000000000003,516.9
-30.534167,24.961944,22-05-2014,111.0,136.0,326.50000000000006
-26.98472222,26.63227778,29-07-2014,249.9,277.6,491.4
-28.141944,26.417778,29-07-2014,260.1,281.0,455.3
-28.1175,26.719444,29-07-2014,267.5,288.9,473.8
-29.651389,22.746389,29-07-2014,81.1,101.20000000000002,251.1
-30.534167,24.961944,16-10-2014,127.5,158.2,321.50000000000006
-30.534167,24.961944,06-11-2014,127.5,158.2,321.50000000000006
-30.534167,24.961944,04-12-2014,127.5,158.2,321.50000000000006
-30.534167,24.961944,08-01-2015,87.5,200.10000000000002,376.59999999999997
-33.31388889,19.07472222,29-07-2014,41.2,155.29999999999998,434.00000000000006
-28.338333,31.373611,29-07-2014,461.7,571.2,962.6000000000001
-28.068333,31.55,29-07-2014,420.29999999999995,508.5,856.7
-27.495556,26.074722,29-07-2014,227.30000000000004,251.10000000000005,439.6
-29.161667,23.696389,30-07-2014,126.50000000000001,145.10000000000002,305.5000000000001
-22.225556,29.990556,30-07-2014,151.0,155.5,239.4
-30.534167,24.961944,22-10-2015,23.1,83.9,285.1
-31.860278,18.6875,30-07-2014,20.6,72.99999999999999,203.70000000000002
-24.39619444,27.08983333,30-07-2014,244.3,262.0,504.70000000000005
-23.281,30.54305556,30-07-2014,251.2,270.4,494.2
-28.44555556,32.325,22-10-2014,357.4,492.8,1007.2
-29.161667,30.629722,30-07-2014,474.5,500.9,783.8000000000001
-31.436944,20.474722,24-04-2014,24.2,59.2,163.4
-26.861111,28.884722,30-07-2014,331.5,354.2,651.0000000000001
-26.73806,27.59194,30-07-2014,305.4,325.9,570.3000000000001
-26.45,28.085833,30-07-2014,322.20000000000005,341.6,626.0000000000001
-27.38972222,26.46388889,30-07-2014,250.79999999999998,278.40000000000003,474.1000000000001
-27.398611,26.614722,30-07-2014,259.3,287.90000000000003,484.9000000000001
-27.671111,27.236944,30-07-2014,280.90000000000003,304.30000000000007,508.30000000000007
-28.768056,20.720556,30-07-2014,40.60000000000001,51.8,184.70000000000002
-33.08883333,19.21878333,30-07-2014,38.5,124.8,332.3
-29.641944,30.6875,31-07-2014,422.4,455.1,711.8
-22.769722,30.886944,31-07-2014,271.5,287.5,460.4
-27.169444,29.233889,31-07-2014,339.7,364.6,643.9000000000001
-27.00222,28.76528,31-07-2014,337.8,364.5,653.5000000000001
-28.376944,24.303056,31-07-2014,176.2,194.5,357.09999999999997
-34.405833,19.600556,31-07-2014,71.4,186.6,481.40000000000003
-34.329722,18.990278,31-07-2014,81.3,254.10000000000002,661.8
-27.356667,27.286389,31-07-2014,280.5,305.0,516.6
-28.308889,31.9025,31-07-2014,360.1,479.70000000000005,874.3000000000001
-33.897778,20.012778,31-07-2014,55.00000000000001,130.3,326.1
-29.744167,29.905833,01-08-2014,398.8,442.70000000000005,754.6
-26.648056,27.089444,01-08-2014,274.3,300.6,539.4000000000001
-27.671111,27.236944,01-08-2014,280.90000000000003,304.30000000000007,508.30000000000007
-27.902778,24.615556,01-08-2014,196.0,214.4,377.70000000000005
-25.99136,27.84208,04-08-2014,323.5,343.0,642.1
-28.735556,29.820556,04-08-2014,396.70000000000005,416.1,698.4000000000001
-26.45,28.085833,04-08-2014,322.20000000000005,341.6,626.0000000000001
-29.160278,26.573333,04-08-2014,247.6,269.09999999999997,468.7
-24.058889,31.237222,05-08-2014,268.6,291.0,476.4
-26.861111,28.884722,05-08-2014,331.5,354.2,651.0000000000001
-34.031944,22.053333,05-08-2014,99.10000000000001,160.89999999999998,342.9
-34.039722,22.133333,05-08-2014,105.1,170.90000000000003,357.30000000000007
-25.45963889,28.26430556,05-08-2014,302.50000000000006,317.20000000000005,606.2
-29.161667,23.696389,06-08-2014,126.50000000000001,145.10000000000002,305.5000000000001
-25.81048333,27.90955222,06-08-2014,313.5,331.1,621.1
-25.73411,27.21422,06-08-2014,302.1,327.8,616.9000000000001
-27.363611,31.783333,06-08-2014,294.00000000000006,352.1,628.1
-26.905,32.324722,06-08-2014,263.6,315.4,577.4
-27.602222,29.942778,06-08-2014,402.3,428.90000000000003,744.5000000000001
-27.4275,28.525833,06-08-2014,349.5,383.0,648.1
-27.3,28.586944,06-08-2014,345.3,379.90000000000003,649.6999999999999
-27.935,26.126667,06-08-2014,229.3,252.8,417.20000000000005
-34.005833,22.351111,06-08-2014,142.0,226.10000000000002,437.80000000000007
-27.00222,28.76528,07-08-2014,337.8,364.5,653.5000000000001
-27.02314,28.59389,07-08-2014,338.0,366.80000000000007,649.0000000000001
-31.394444,20.947222,07-08-2014,29.8,47.8,131.2
-23.658056,31.05,08-08-2014,228.50000000000003,248.10000000000002,416.8
-28.96362,19.15486,09-08-2014,5.500000000000001,9.900000000000002,79.60000000000001
-24.679167,30.8025,11-08-2014,490.1,535.4000000000001,924.9000000000001
-29.7775,29.470833,11-08-2014,455.90000000000003,496.6,870.0999999999999
-29.987778,29.851667,11-08-2014,386.1,436.20000000000005,764.2
-29.744167,29.905833,11-08-2014,398.8,442.70000000000005,754.6
-29.380556,30.2775,11-08-2014,439.30000000000007,469.6,779.6999999999999
-26.970278,27.211111,11-08-2014,283.1,307.6,534.4
-26.45,28.085833,11-08-2014,322.20000000000005,341.6,626.0000000000001
-26.98472222,26.63227778,11-08-2014,249.9,277.6,491.4
-27.671111,27.236944,11-08-2014,280.90000000000003,304.30000000000007,508.30000000000007
-31.396,29.2651,11-08-2014,280.5,381.2,798.7
-31.554722,29.245556,11-08-2014,294.7,401.3,848.3000000000001
-24.183889,30.823889,12-08-2014,305.0,325.8,520.2
-25.127778,27.628889,12-08-2014,275.8,292.5,554.4000000000001
-24.39619444,27.08983333,12-08-2014,244.3,262.0,504.70000000000005
-24.69514,27.40906,12-08-2014,271.90000000000003,289.3,551.4
-25.73411,27.21422,12-08-2014,302.1,327.8,616.9000000000001
-26.03611,30.99778,12-08-2014,492.8,558.6,1004.9000000000001
-30.733889,29.828333,12-08-2014,333.70000000000005,405.8,753.6
-26.861111,28.884722,12-08-2014,331.5,354.2,651.0000000000001
-27.00222,28.76528,12-08-2014,337.8,364.5,653.5000000000001
-26.98472222,26.63227778,12-08-2014,249.9,277.6,491.4
-27.398611,26.614722,12-08-2014,259.3,287.90000000000003,484.9000000000001
-30.570833,29.150556,12-08-2014,310.3,353.5,665.9
-31.104278,29.399722,12-08-2014,293.0,373.70000000000005,749.2
-27.495556,26.074722,12-08-2014,227.30000000000004,251.10000000000005,439.6
-27.4,26.624722,12-08-2014,259.3,287.90000000000003,484.9000000000001
-29.161667,23.696389,13-08-2014,126.50000000000001,145.10000000000002,305.5000000000001
-27.01011111,26.69808333,13-08-2014,250.4,277.90000000000003,488.80000000000007
-22.935,28.004167,13-08-2014,165.20000000000002,170.20000000000002,289.59999999999997
-24.670833,28.560833,13-08-2014,337.09999999999997,348.4,573.2
-25.20639,27.558,13-08-2014,275.6,292.40000000000003,555.8
-24.058889,31.237222,13-08-2014,268.6,291.0,476.4
-30.398056,30.601944,13-08-2014,338.6,475.2,875.3
-26.648056,27.089444,13-08-2014,274.3,300.6,539.4000000000001
-26.880278,26.965,13-08-2014,267.6,294.40000000000003,516.9
-31.031389,28.883333,13-08-2014,286.90000000000003,341.6,672.9000000000001
-30.86013889,29.07125,13-08-2014,289.6,341.5,661.8000000000001
-30.77586667,29.03221667,13-08-2014,294.3,342.20000000000005,654.4000000000001
-24.282222,28.090278,14-08-2014,306.40000000000003,319.80000000000007,579.7000000000002
-22.91028,29.61111,14-08-2014,242.5,249.20000000000002,379.5
-25.49037,30.6986,14-08-2014,401.6,447.70000000000005,781.1000000000001
-30.13573889,30.67422222,14-08-2014,363.29999999999995,451.1,802.9000000000001
-28.376944,24.303056,14-08-2014,176.2,194.5,357.09999999999997
-25.447222,30.711667,14-08-2014,391.8,436.90000000000003,761.9
-29.744167,29.905833,15-08-2014,398.8,442.70000000000005,754.6
-27.902778,24.615556,15-08-2014,196.0,214.4,377.70000000000005
-29.803611,30.516111,15-08-2014,411.2,456.8,744.7
-28.96362,19.15486,16-08-2014,5.500000000000001,9.900000000000002,79.60000000000001
-25.99136,27.84208,18-08-2014,323.5,343.0,642.1
-26.73806,27.59194,18-08-2014,305.4,325.9,570.3000000000001
-26.45,28.085833,18-08-2014,322.20000000000005,341.6,626.0000000000001
-28.1175,26.719444,18-08-2014,267.5,288.9,473.8
-27.671111,27.236944,18-08-2014,280.90000000000003,304.30000000000007,508.30000000000007
-29.160278,26.573333,18-08-2014,247.6,269.09999999999997,468.7
-29.140556,31.391944,19-08-2014,318.8,529.2,983.6000000000001
-26.006389,29.253889,19-08-2014,349.20000000000005,372.70000000000005,676.6999999999999
-28.801278,31.955389,19-08-2014,256.1,437.90000000000003,951.0000000000001
-27.169444,29.233889,19-08-2014,339.7,364.6,643.9000000000001
-26.861111,28.884722,19-08-2014,331.5,354.2,651.0000000000001
-27.00222,28.76528,19-08-2014,337.8,364.5,653.5000000000001
-26.98472222,26.63227778,19-08-2014,249.9,277.6,491.4
-27.935,26.126667,19-08-2014,229.3,252.8,417.20000000000005
-27.398611,26.614722,19-08-2014,259.3,287.90000000000003,484.9000000000001
-28.69485,28.23487,19-08-2014,368.2,394.50000000000006,638.6000000000001
-28.883333,27.89,19-08-2014,334.9,362.9,599.0000000000001
-25.45963889,28.26430556,19-08-2014,302.50000000000006,317.20000000000005,606.2
-27.495556,26.074722,19-08-2014,227.30000000000004,251.10000000000005,439.6
-27.4,26.624722,19-08-2014,259.3,287.90000000000003,484.9000000000001
-29.161667,23.696389,20-08-2014,126.50000000000001,145.10000000000002,305.5000000000001
-27.01011111,26.69808333,20-08-2014,250.4,277.90000000000003,488.80000000000007
-25.81048333,27.90955222,20-08-2014,313.5,331.1,621.1
-28.747778,31.745833,20-08-2014,237.70000000000005,431.4,895.7
-28.404444,30.013056,20-08-2014,403.3,425.6,720.8000000000001
-26.648056,27.089444,20-08-2014,274.3,300.6,539.4000000000001
-26.970278,27.211111,20-08-2014,283.1,307.6,534.4
-26.880278,26.965,20-08-2014,267.6,294.40000000000003,516.9
-28.1175,26.719444,20-08-2014,267.5,288.9,473.8
-30.160091,27.40124,20-08-2014,275.3,311.80000000000007,566.8000000000001
-30.336111,27.359444,20-08-2014,265.3,307.1,577.9
-29.615556,27.065278,20-08-2014,275.59999999999997,302.2,542.0
-28.058889,30.373611,20-08-2014,429.0,456.90000000000003,782.9000000000001
-30.830556,26.921389,21-08-2014,204.5,246.60000000000002,504.70000000000005
-27.937778,31.209444,21-08-2014,482.8,559.6,934.4000000000001
-27.5275,30.858056,21-08-2014,523.9000000000001,594.7,1008.0
-28.116667,26.725278,21-08-2014,267.5,288.9,473.8
-31.000833,26.353056,21-08-2014,149.7,190.8,428.1
-30.679722,26.7125,21-08-2014,206.2,244.10000000000002,489.6
-28.883333,27.89,21-08-2014,334.9,362.9,599.0000000000001
-30.534167,24.961944,21-08-2014,127.5,158.2,321.50000000000006
-31.394444,20.947222,21-08-2014,29.8,47.8,131.2
-24.925278,29.324444,22-08-2014,302.3,319.0,549.1
-29.658056,25.973333,22-08-2014,183.6,203.29999999999998,379.1
-26.45,28.085833,25-08-2014,322.20000000000005,341.6,626.0000000000001
-29.042222,24.6,25-08-2014,164.10000000000002,180.8,336.1
-29.028629,24.638389,25-08-2014,168.40000000000003,185.20000000000005,341.70000000000005
-33.818056,19.694722,25-08-2014,56.50000000000001,162.79999999999998,418.0
-32.502778,19.535833,25-08-2014,19.400000000000002,67.5,194.90000000000003
-27.01011111,26.69808333,26-08-2014,250.4,277.90000000000003,488.80000000000007
-25.127778,27.628889,26-08-2014,275.8,292.5,554.4000000000001
-25.20639,27.558,26-08-2014,275.6,292.40000000000003,555.8
-24.69514,27.40906,26-08-2014,271.90000000000003,289.3,551.4
-23.281,30.54305556,26-08-2014,251.2,270.4,494.2
-26.861111,28.884722,26-08-2014,331.5,354.2,651.0000000000001
-26.648056,27.089444,26-08-2014,274.3,300.6,539.4000000000001
-26.970278,27.211111,26-08-2014,283.1,307.6,534.4
-26.880278,26.965,26-08-2014,267.6,294.40000000000003,516.9
-26.98472222,26.63227778,26-08-2014,249.9,277.6,491.4
-28.141944,26.417778,26-08-2014,260.1,281.0,455.3
-28.1175,26.719444,26-08-2014,267.5,288.9,473.8
-33.501667,21.624167,26-08-2014,70.8,110.6,241.50000000000006
-34.075556,20.145556,26-08-2014,58.300000000000004,131.70000000000002,329.6
-31.5653,18.3306,26-08-2014,14.100000000000001,58.00000000000001,173.8
-32.94583,18.33667,26-08-2014,25.7,99.6,295.3
-28.338333,31.373611,26-08-2014,461.7,571.2,962.6000000000001
-28.068333,31.55,26-08-2014,420.29999999999995,508.5,856.7
-24.39619444,27.08983333,27-08-2014,244.3,262.0,504.70000000000005
-22.769722,30.886944,27-08-2014,271.5,287.5,460.4
-28.44555556,32.325,19-11-2014,357.4,492.8,1007.2
-29.161667,30.629722,27-08-2014,474.5,500.9,783.8000000000001
-27.00222,28.76528,27-08-2014,337.8,364.5,653.5000000000001
-27.02314,28.59389,27-08-2014,338.0,366.80000000000007,649.0000000000001
-27.4275,28.525833,27-08-2014,349.5,383.0,648.1
-27.3,28.586944,27-08-2014,345.3,379.90000000000003,649.6999999999999
-27.398611,26.614722,27-08-2014,259.3,287.90000000000003,484.9000000000001
-33.13083,18.86278,27-08-2014,33.400000000000006,128.20000000000002,375.3
-33.7075,18.97444444,27-08-2014,54.099999999999994,208.39999999999998,588.9000000000001
-28.308889,31.9025,27-08-2014,360.1,479.70000000000005,874.3000000000001
-26.619444,27.980833,28-08-2014,317.7,336.9,604.8000000000001
-26.510278,28.351389,28-08-2014,336.1,355.1,650.8
-27.671111,27.236944,28-08-2014,280.90000000000003,304.30000000000007,508.30000000000007
-27.573056,24.746389,28-08-2014,203.3,223.8,389.29999999999995
-28.376944,24.303056,28-08-2014,176.2,194.5,357.09999999999997
-28.75,30.442778,29-08-2014,370.4,388.6,629.3000000000001
-29.744167,29.905833,29-08-2014,398.8,442.70000000000005,754.6
-27.902778,24.615556,29-08-2014,196.0,214.4,377.70000000000005
-25.99136,27.84208,01-09-2014,323.5,343.0,642.1
-26.73806,27.59194,01-09-2014,305.4,325.9,570.3000000000001
-26.45,28.085833,01-09-2014,322.20000000000005,341.6,626.0000000000001
-28.141944,26.417778,01-09-2014,260.1,281.0,455.3
-28.116667,26.725278,01-09-2014,267.5,288.9,473.8
-33.38056,19.30167,01-09-2014,46.9,158.8,417.0
-34.065833,20.404167,02-09-2014,56.400000000000006,118.9,302.20000000000005
-31.860278,18.6875,02-09-2014,20.6,72.99999999999999,203.70000000000002
-27.169444,29.233889,02-09-2014,339.7,364.6,643.9000000000001
-26.861111,28.884722,02-09-2014,331.5,354.2,651.0000000000001
-27.00222,28.76528,02-09-2014,337.8,364.5,653.5000000000001
-26.880278,26.965,02-09-2014,267.6,294.40000000000003,516.9
-27.935,26.126667,02-09-2014,229.3,252.8,417.20000000000005
-27.671111,27.236944,02-09-2014,280.90000000000003,304.30000000000007,508.30000000000007
-34.031944,22.053333,02-09-2014,99.10000000000001,160.89999999999998,342.9
-34.039722,22.133333,02-09-2014,105.1,170.90000000000003,357.30000000000007
-25.45963889,28.26430556,02-09-2014,302.50000000000006,317.20000000000005,606.2
-25.57877778,29.12747222,02-09-2014,323.79999999999995,344.70000000000005,638.3
-29.161667,23.696389,03-09-2014,126.50000000000001,145.10000000000002,305.5000000000001
-25.81048333,27.90955222,03-09-2014,313.5,331.1,621.1
-23.658056,31.05,03-09-2014,228.50000000000003,248.10000000000002,416.8
-26.006389,29.253889,03-09-2014,349.20000000000005,372.70000000000005,676.6999999999999
-27.602222,29.942778,03-09-2014,402.3,428.90000000000003,744.5000000000001
-27.802778,28.768333,03-09-2014,362.40000000000003,388.5,642.3000000000002
-29.160278,26.573333,03-09-2014,247.6,269.09999999999997,468.7
-31.436944,20.474722,03-09-2014,25.6,48.50000000000001,134.2
-34.405833,19.600556,03-09-2014,71.4,186.6,481.40000000000003
-27.363611,31.783333,04-09-2014,294.00000000000006,352.1,628.1
-26.970278,27.211111,04-09-2014,283.1,307.6,534.4
-27.671111,27.236944,04-09-2014,280.90000000000003,304.30000000000007,508.30000000000007
-34.329722,18.990278,04-09-2014,81.3,254.10000000000002,661.8
-33.897778,20.012778,04-09-2014,55.00000000000001,130.3,326.1
-27.01011111,26.69808333,05-09-2014,250.4,277.90000000000003,488.80000000000007
-26.905,32.324722,05-09-2014,263.6,315.4,577.4
-28.735556,29.820556,05-09-2014,396.70000000000005,416.1,698.4000000000001
-29.744167,29.905833,05-09-2014,398.8,442.70000000000005,754.6
-26.98472222,26.63227778,05-09-2014,249.9,277.6,491.4
-34.005833,22.351111,05-09-2014,142.0,226.10000000000002,437.80000000000007
-27.495556,26.074722,05-09-2014,227.30000000000004,251.10000000000005,439.6
-28.96362,19.15486,06-09-2014,5.500000000000001,9.900000000000002,79.60000000000001
-28.338333,31.373611,06-09-2014,461.7,571.2,962.6000000000001
-29.7775,29.470833,08-09-2014,455.90000000000003,496.6,870.0999999999999
-29.987778,29.851667,08-09-2014,386.1,436.20000000000005,764.2
-29.744167,29.905833,08-09-2014,398.8,442.70000000000005,754.6
-26.98472222,26.63227778,08-09-2014,249.9,277.6,491.4
-27.671111,27.236944,08-09-2014,280.90000000000003,304.30000000000007,508.30000000000007
-29.160278,26.573333,08-09-2014,247.6,269.09999999999997,468.7
-33.31388889,19.07472222,08-09-2014,41.2,155.29999999999998,434.00000000000006
-25.127778,27.628889,09-09-2014,275.8,292.5,554.4000000000001
-25.20639,27.558,09-09-2014,275.6,292.40000000000003,555.8
-24.39619444,27.08983333,09-09-2014,244.3,262.0,504.70000000000005
-24.69514,27.40906,09-09-2014,271.90000000000003,289.3,551.4
-30.733889,29.828333,09-09-2014,333.70000000000005,405.8,753.6
-29.380556,30.2775,09-09-2014,439.30000000000007,469.6,779.6999999999999
-28.141944,26.417778,09-09-2014,260.1,281.0,455.3
-28.1175,26.719444,09-09-2014,267.5,288.9,473.8
-27.398611,26.614722,09-09-2014,259.3,287.90000000000003,484.9000000000001
-28.69485,28.23487,09-09-2014,368.2,394.50000000000006,638.6000000000001
-29.615556,27.065278,09-09-2014,275.59999999999997,302.2,542.0
-28.883333,27.89,09-09-2014,334.9,362.9,599.0000000000001
-31.554722,29.245556,09-09-2014,294.7,401.3,848.3000000000001
-27.4,26.624722,09-09-2014,259.3,287.90000000000003,484.9000000000001
-29.161667,23.696389,10-09-2014,126.50000000000001,145.10000000000002,305.5000000000001
-27.01011111,26.69808333,10-09-2014,250.4,277.90000000000003,488.80000000000007
-26.648056,27.089444,10-09-2014,274.3,300.6,539.4000000000001
-26.970278,27.211111,10-09-2014,283.1,307.6,534.4
-26.880278,26.965,10-09-2014,267.6,294.40000000000003,516.9
-26.98472222,26.63227778,10-09-2014,249.9,277.6,491.4
-27.671111,27.236944,10-09-2014,280.90000000000003,304.30000000000007,508.30000000000007
-30.160091,27.40124,10-09-2014,275.3,311.80000000000007,566.8000000000001
-30.336111,27.359444,10-09-2014,265.3,307.1,577.9
-28.460833,21.248889,10-09-2014,53.5,71.5,240.3
-30.568333,29.422778,10-09-2014,310.8,359.2,680.2
-30.570833,29.150556,10-09-2014,310.3,353.5,665.9
-30.830556,26.921389,11-09-2014,204.5,246.60000000000002,504.70000000000005
-30.13573889,30.67422222,11-09-2014,363.29999999999995,451.1,802.9000000000001
-27.38972222,26.46388889,11-09-2014,250.79999999999998,278.40000000000003,474.1000000000001
-27.398611,26.614722,11-09-2014,259.3,287.90000000000003,484.9000000000001
-28.376944,24.303056,11-09-2014,176.2,194.5,357.09999999999997
-31.000833,26.353056,11-09-2014,149.7,190.8,428.1
-30.679722,26.7125,11-09-2014,206.2,244.10000000000002,489.6
-30.534167,24.961944,11-09-2014,127.5,158.2,321.50000000000006
-30.77586667,29.03221667,11-09-2014,294.3,342.20000000000005,654.4000000000001
-27.902778,24.615556,12-09-2014,196.0,214.4,377.70000000000005
-29.803611,30.516111,12-09-2014,411.2,456.8,744.7
-24.679167,30.8025,15-09-2014,490.1,535.4000000000001,924.9000000000001
-25.99136,27.84208,15-09-2014,323.5,343.0,642.1
-25.513889,31.224444,15-09-2014,389.8,436.70000000000005,764.2
-26.73806,27.59194,15-09-2014,305.4,325.9,570.3000000000001
-26.45,28.085833,15-09-2014,322.20000000000005,341.6,626.0000000000001
-29.042222,24.6,15-09-2014,164.10000000000002,180.8,336.1
-29.028629,24.638389,15-09-2014,168.40000000000003,185.20000000000005,341.70000000000005
-22.225556,29.990556,16-09-2014,151.0,155.5,239.4
-25.436111,31.982222,16-09-2014,284.0,322.00000000000006,586.0
-29.140556,31.391944,16-09-2014,318.8,529.2,983.6000000000001
-24.183889,30.823889,16-09-2014,305.0,325.8,520.2
-25.73411,27.21422,16-09-2014,302.1,327.8,616.9000000000001
-23.838611,31.640833,16-09-2014,243.70000000000002,265.0,436.1
-24.058889,31.237222,16-09-2014,268.6,291.0,476.4
-26.03611,30.99778,16-09-2014,492.8,558.6,1004.9000000000001
-25.681111,31.783333,16-09-2014,297.1,335.9,589.0
-25.362222,31.956667,16-09-2014,281.4,318.6,572.1999999999999
-27.169444,29.233889,16-09-2014,339.7,364.6,643.9000000000001
-26.861111,28.884722,16-09-2014,331.5,354.2,651.0000000000001
-27.802778,28.768333,16-09-2014,362.40000000000003,388.5,642.3000000000002
-33.501667,21.624167,16-09-2014,70.8,110.6,241.50000000000006
-25.45963889,28.26430556,16-09-2014,302.50000000000006,317.20000000000005,606.2
-25.81048333,27.90955222,17-09-2014,313.5,331.1,621.1
-24.282222,28.090278,17-09-2014,306.40000000000003,319.80000000000007,579.7000000000002
-23.23572222,27.717,17-09-2014,174.3,181.10000000000002,324.0
-24.670833,28.560833,17-09-2014,337.09999999999997,348.4,573.2
-22.91028,29.61111,17-09-2014,242.5,249.20000000000002,379.5
-24.768889,31.39,17-09-2014,328.70000000000005,360.40000000000003,623.9999999999999
-28.801278,31.955389,17-09-2014,256.1,437.90000000000003,951.0000000000001
-28.404444,30.013056,17-09-2014,403.3,425.6,720.8000000000001
-27.00222,28.76528,17-09-2014,337.8,364.5,653.5000000000001
-27.02314,28.59389,17-09-2014,338.0,366.80000000000007,649.0000000000001
-27.273889,28.49,17-09-2014,343.5,380.80000000000007,653.8000000000001
-27.4275,28.525833,17-09-2014,349.5,383.0,648.1
-27.3,28.586944,17-09-2014,345.3,379.90000000000003,649.6999999999999
-27.935,26.126667,17-09-2014,229.3,252.8,417.20000000000005
-28.768056,20.720556,17-09-2014,40.60000000000001,51.8,184.70000000000002
-28.058889,30.373611,17-09-2014,429.0,456.90000000000003,782.9000000000001
-23.763056,27.908611,18-09-2014,244.40000000000003,254.8,462.8
-24.99328,30.81444,18-09-2014,480.3,531.3,916.4000000000001
-28.747778,31.745833,18-09-2014,237.70000000000005,431.4,895.7
-27.937778,31.209444,18-09-2014,482.8,559.6,934.4000000000001
-27.5275,30.858056,18-09-2014,523.9000000000001,594.7,1008.0
-26.619444,27.980833,18-09-2014,317.7,336.9,604.8000000000001
-29.744167,29.905833,19-09-2014,398.8,442.70000000000005,754.6
-31.394444,20.947222,22-09-2014,29.8,47.8,131.2
-33.818056,19.694722,22-09-2014,56.50000000000001,162.79999999999998,418.0
-32.502778,19.535833,22-09-2014,19.400000000000002,67.5,194.90000000000003
-27.01011111,26.69808333,23-09-2014,250.4,277.90000000000003,488.80000000000007
-31.860278,18.6875,23-09-2014,20.6,72.99999999999999,203.70000000000002
-25.127778,27.628889,23-09-2014,275.8,292.5,554.4000000000001
-25.20639,27.558,23-09-2014,275.6,292.40000000000003,555.8
-24.69514,27.40906,23-09-2014,271.90000000000003,289.3,551.4
-25.73411,27.21422,23-09-2014,302.1,327.8,616.9000000000001
-26.970278,27.211111,23-09-2014,283.1,307.6,534.4
-26.880278,26.965,23-09-2014,267.6,294.40000000000003,516.9
-26.98472222,26.63227778,23-09-2014,249.9,277.6,491.4
-27.398611,26.614722,23-09-2014,259.3,287.90000000000003,484.9000000000001
-27.671111,27.236944,23-09-2014,280.90000000000003,304.30000000000007,508.30000000000007
-34.075556,20.145556,23-09-2014,58.300000000000004,131.70000000000002,329.6
-31.5653,18.3306,23-09-2014,14.100000000000001,58.00000000000001,173.8
-28.338333,31.373611,23-09-2014,461.7,571.2,962.6000000000001
-27.495556,26.074722,23-09-2014,227.30000000000004,251.10000000000005,439.6
-27.4,26.624722,23-09-2014,259.3,287.90000000000003,484.9000000000001
-29.641944,30.6875,24-09-2014,422.4,455.1,711.8
-29.161667,30.629722,24-09-2014,474.5,500.9,783.8000000000001
-27.00222,28.76528,24-09-2014,337.8,364.5,653.5000000000001
-26.619444,27.980833,24-09-2014,317.7,336.9,604.8000000000001
-26.45,28.085833,24-09-2014,322.20000000000005,341.6,626.0000000000001
-33.38056,19.30167,24-09-2014,46.9,158.8,417.0
-23.281,30.54305556,25-09-2014,251.2,270.4,494.2
-26.861111,28.884722,25-09-2014,331.5,354.2,651.0000000000001
-28.376944,24.303056,25-09-2014,176.2,194.5,357.09999999999997
-32.94583,18.33667,25-09-2014,25.7,99.6,295.3
-26.648056,27.089444,26-09-2014,274.3,300.6,539.4000000000001
-27.573056,24.746389,26-09-2014,203.3,223.8,389.29999999999995
-27.902778,24.615556,26-09-2014,196.0,214.4,377.70000000000005
-28.96362,19.15486,26-09-2014,5.500000000000001,9.900000000000002,79.60000000000001
-25.99136,27.84208,29-09-2014,323.5,343.0,642.1
-27.01011111,26.69808333,30-09-2014,250.4,277.90000000000003,488.80000000000007
-34.065833,20.404167,30-09-2014,56.400000000000006,118.9,302.20000000000005
-30.398056,30.601944,30-09-2014,338.6,475.2,875.3
-26.648056,27.089444,30-09-2014,274.3,300.6,539.4000000000001
-26.970278,27.211111,30-09-2014,283.1,307.6,534.4
-26.880278,26.965,30-09-2014,267.6,294.40000000000003,516.9
-26.73806,27.59194,30-09-2014,305.4,325.9,570.3000000000001
-26.45,28.085833,30-09-2014,322.20000000000005,341.6,626.0000000000001
-26.98472222,26.63227778,30-09-2014,249.9,277.6,491.4
-27.935,26.126667,30-09-2014,229.3,252.8,417.20000000000005
-28.141944,26.417778,30-09-2014,260.1,281.0,455.3
-33.31388889,19.07472222,30-09-2014,41.2,155.29999999999998,434.00000000000006
-33.7075,18.97444444,30-09-2014,54.099999999999994,208.39999999999998,588.9000000000001
-25.45963889,28.26430556,30-09-2014,302.50000000000006,317.20000000000005,606.2
-25.81048333,27.90955222,01-10-2014,313.5,331.1,621.1
-27.169444,29.233889,01-10-2014,339.7,364.6,643.9000000000001
-26.861111,28.884722,01-10-2014,331.5,354.2,651.0000000000001
-34.405833,19.600556,01-10-2014,71.4,186.6,481.40000000000003
-33.13083,18.86278,01-10-2014,33.400000000000006,128.20000000000002,375.3
-25.73411,27.21422,02-10-2014,302.1,327.8,616.9000000000001
-27.00222,28.76528,02-10-2014,337.8,364.5,653.5000000000001
-26.619444,27.980833,02-10-2014,317.7,336.9,604.8000000000001
-26.98472222,26.63227778,02-10-2014,249.9,277.6,491.4
-34.329722,18.990278,02-10-2014,81.3,254.10000000000002,661.8
-33.897778,20.012778,02-10-2014,55.00000000000001,130.3,326.1
-29.744167,29.905833,03-10-2014,398.8,442.70000000000005,754.6
-31.031389,28.883333,03-10-2014,286.90000000000003,341.6,672.9000000000001
-30.86013889,29.07125,03-10-2014,289.6,341.5,661.8000000000001
-30.77586667,29.03221667,03-10-2014,294.3,342.20000000000005,654.4000000000001
-25.49037,30.6986,06-10-2014,401.6,447.70000000000005,781.1000000000001
-29.160278,26.573333,06-10-2014,247.6,269.09999999999997,468.7
-30.568333,29.422778,06-10-2014,310.8,359.2,680.2
-30.570833,29.150556,06-10-2014,310.3,353.5,665.9
-25.447222,30.711667,06-10-2014,391.8,436.90000000000003,761.9
-28.7115,24.07288889,07-10-2014,154.4,173.39999999999998,339.4
-25.127778,27.628889,07-10-2014,275.8,292.5,554.4000000000001
-24.69514,27.40906,07-10-2014,271.90000000000003,289.3,551.4
-22.769722,30.886944,07-10-2014,271.5,287.5,460.4
-31.396,29.2651,07-10-2014,280.5,381.2,798.7
-34.031944,22.053333,07-10-2014,99.10000000000001,160.89999999999998,342.9
-34.039722,22.133333,07-10-2014,105.1,170.90000000000003,357.30000000000007
-25.20639,27.558,08-10-2014,275.6,292.40000000000003,555.8
-25.73411,27.21422,08-10-2014,302.1,327.8,616.9000000000001
-23.281,30.54305556,08-10-2014,251.2,270.4,494.2
-26.905,32.324722,08-10-2014,263.6,315.4,577.4
-29.380556,30.2775,08-10-2014,439.30000000000007,469.6,779.6999999999999
-26.970278,27.211111,08-10-2014,283.1,307.6,534.4
-28.116667,26.725278,08-10-2014,267.5,288.9,473.8
-31.104278,29.399722,08-10-2014,293.0,373.70000000000005,749.2
-34.02861,22.22222,08-10-2014,117.6,190.10000000000002,384.40000000000003
-27.01011111,26.69808333,09-10-2014,250.4,277.90000000000003,488.80000000000007
-25.127778,27.628889,09-10-2014,275.8,292.5,554.4000000000001
-23.658056,31.05,09-10-2014,228.50000000000003,248.10000000000002,416.8
-26.861111,28.884722,09-10-2014,331.5,354.2,651.0000000000001
-26.45,28.085833,09-10-2014,322.20000000000005,341.6,626.0000000000001
-26.98472222,26.63227778,09-10-2014,249.9,277.6,491.4
-27.671111,27.236944,09-10-2014,280.90000000000003,304.30000000000007,508.30000000000007
-28.376944,24.303056,09-10-2014,176.2,194.5,357.09999999999997
-31.554722,29.245556,09-10-2014,294.7,401.3,848.3000000000001
-34.005833,22.351111,09-10-2014,142.0,226.10000000000002,437.80000000000007
-27.495556,26.074722,09-10-2014,227.30000000000004,251.10000000000005,439.6
-26.648056,27.089444,10-10-2014,274.3,300.6,539.4000000000001
-26.880278,26.965,10-10-2014,267.6,294.40000000000003,516.9
-27.573056,24.746389,10-10-2014,203.3,223.8,389.29999999999995
-27.902778,24.615556,10-10-2014,196.0,214.4,377.70000000000005
-31.031389,28.883333,16-02-2011,260.3,336.1,923.7000000000002
-25.99136,27.84208,13-10-2014,323.5,343.0,642.1
-26.510278,28.351389,13-10-2014,336.1,355.1,650.8
-26.73806,27.59194,13-10-2014,305.4,325.9,570.3000000000001
-26.45,28.085833,13-10-2014,322.20000000000005,341.6,626.0000000000001
-27.671111,27.236944,13-10-2014,280.90000000000003,304.30000000000007,508.30000000000007
-29.160278,26.573333,13-10-2014,247.6,269.09999999999997,468.7
-29.042222,24.6,13-10-2014,164.10000000000002,180.8,336.1
-29.028629,24.638389,13-10-2014,168.40000000000003,185.20000000000005,341.70000000000005
-27.01011111,26.69808333,14-10-2014,250.4,277.90000000000003,488.80000000000007
-29.140556,31.391944,14-10-2014,318.8,529.2,983.6000000000001
-25.73411,27.21422,14-10-2014,302.1,327.8,616.9000000000001
-27.169444,29.233889,14-10-2014,339.7,364.6,643.9000000000001
-26.861111,28.884722,14-10-2014,331.5,354.2,651.0000000000001
-27.802778,28.768333,14-10-2014,362.40000000000003,388.5,642.3000000000002
-26.98472222,26.63227778,14-10-2014,249.9,277.6,491.4
-28.1175,26.719444,14-10-2014,267.5,288.9,473.8
-28.116667,26.725278,14-10-2014,267.5,288.9,473.8
-27.398611,26.614722,14-10-2014,259.3,287.90000000000003,484.9000000000001
-28.69485,28.23487,14-10-2014,368.2,394.50000000000006,638.6000000000001
-29.615556,27.065278,14-10-2014,275.59999999999997,302.2,542.0
-28.883333,27.89,14-10-2014,334.9,362.9,599.0000000000001
-27.4,26.624722,14-10-2014,259.3,287.90000000000003,484.9000000000001
-25.81048333,27.90955222,15-10-2014,313.5,331.1,621.1
-28.747778,31.745833,15-10-2014,237.70000000000005,431.4,895.7
-28.404444,30.013056,15-10-2014,403.3,425.6,720.8000000000001
-27.00222,28.76528,15-10-2014,337.8,364.5,653.5000000000001
-27.02314,28.59389,15-10-2014,338.0,366.80000000000007,649.0000000000001
-26.648056,27.089444,15-10-2014,274.3,300.6,539.4000000000001
-26.970278,27.211111,15-10-2014,283.1,307.6,534.4
-26.880278,26.965,15-10-2014,267.6,294.40000000000003,516.9
-27.273889,28.49,15-10-2014,343.5,380.80000000000007,653.8000000000001
-27.4275,28.525833,15-10-2014,349.5,383.0,648.1
-27.3,28.586944,15-10-2014,345.3,379.90000000000003,649.6999999999999
-27.935,26.126667,15-10-2014,229.3,252.8,417.20000000000005
-28.141944,26.417778,15-10-2014,260.1,281.0,455.3
-27.671111,27.236944,15-10-2014,280.90000000000003,304.30000000000007,508.30000000000007
-30.160091,27.40124,15-10-2014,275.3,311.80000000000007,566.8000000000001
-30.336111,27.359444,15-10-2014,265.3,307.1,577.9
-28.768056,20.720556,15-10-2014,40.60000000000001,51.8,184.70000000000002
-34.092222,21.295278,15-10-2014,89.8,149.3,334.90000000000003
-28.058889,30.373611,15-10-2014,429.0,456.90000000000003,782.9000000000001
-30.830556,26.921389,16-10-2014,204.5,246.60000000000002,504.70000000000005
-25.49037,30.6986,16-10-2014,401.6,447.70000000000005,781.1000000000001
-27.937778,31.209444,16-10-2014,482.8,559.6,934.4000000000001
-27.5275,30.858056,16-10-2014,523.9000000000001,594.7,1008.0
-29.744167,29.905833,16-10-2014,398.8,442.70000000000005,754.6
-26.619444,27.980833,16-10-2014,317.7,336.9,604.8000000000001
-27.38972222,26.46388889,16-10-2014,250.79999999999998,278.40000000000003,474.1000000000001
-27.398611,26.614722,16-10-2014,259.3,287.90000000000003,484.9000000000001
-31.000833,26.353056,16-10-2014,149.7,190.8,428.1
-30.679722,26.7125,16-10-2014,206.2,244.10000000000002,489.6
-27.4,26.624722,16-10-2014,259.3,287.90000000000003,484.9000000000001
-24.99328,30.81444,20-10-2014,480.3,531.3,916.4000000000001
-33.818056,19.694722,20-10-2014,56.50000000000001,162.79999999999998,418.0
-32.502778,19.535833,20-10-2014,19.400000000000002,67.5,194.90000000000003
-25.127778,27.628889,21-10-2014,275.8,292.5,554.4000000000001
-25.20639,27.558,21-10-2014,275.6,292.40000000000003,555.8
-24.69514,27.40906,21-10-2014,271.90000000000003,289.3,551.4
-26.006389,29.253889,21-10-2014,349.20000000000005,372.70000000000005,676.6999999999999
-25.513889,31.224444,21-10-2014,389.8,436.70000000000005,764.2
-25.398889,31.610556,21-10-2014,300.8,338.8,589.7
-26.970278,27.211111,21-10-2014,283.1,307.6,534.4
-26.45,28.085833,21-10-2014,322.20000000000005,341.6,626.0000000000001
-34.075556,20.145556,21-10-2014,58.300000000000004,131.70000000000002,329.6
-32.595833,19.009444,21-10-2014,25.0,93.60000000000001,263.09999999999997
-28.338333,31.373611,21-10-2014,461.7,571.2,962.6000000000001
-28.068333,31.55,21-10-2014,420.29999999999995,508.5,856.7
-27.01011111,26.69808333,22-10-2014,250.4,277.90000000000003,488.80000000000007
-29.641944,30.6875,22-10-2014,422.4,455.1,711.8
-24.39619444,27.08983333,22-10-2014,244.3,262.0,504.70000000000005
-28.44555556,32.325,16-12-2014,357.4,492.8,1007.2
-26.861111,28.884722,22-10-2014,331.5,354.2,651.0000000000001
-26.648056,27.089444,22-10-2014,274.3,300.6,539.4000000000001
-26.880278,26.965,22-10-2014,267.6,294.40000000000003,516.9
-26.98472222,26.63227778,22-10-2014,249.9,277.6,491.4
-34.250556,20.9925,22-10-2014,79.2,141.3,336.6
-25.57877778,29.12747222,22-10-2014,323.79999999999995,344.70000000000005,638.3
-25.436111,31.982222,23-10-2014,284.0,322.00000000000006,586.0
-25.681111,31.783333,23-10-2014,297.1,335.9,589.0
-25.362222,31.956667,23-10-2014,281.4,318.6,572.1999999999999
-28.75,30.442778,23-10-2014,370.4,388.6,629.3000000000001
-29.161667,30.629722,23-10-2014,474.5,500.9,783.8000000000001
-27.00222,28.76528,23-10-2014,337.8,364.5,653.5000000000001
-26.619444,27.980833,23-10-2014,317.7,336.9,604.8000000000001
-27.573056,24.746389,23-10-2014,203.3,223.8,389.29999999999995
-32.94583,18.33667,23-10-2014,25.7,99.6,295.3
-28.308889,31.9025,23-10-2014,360.1,479.70000000000005,874.3000000000001
-23.838611,31.640833,24-10-2014,243.70000000000002,265.0,436.1
-24.95861111,29.39527778,24-10-2014,305.6,324.1,561.0
-27.902778,24.615556,24-10-2014,196.0,214.4,377.70000000000005
-29.161667,23.696389,27-10-2014,126.50000000000001,145.10000000000002,305.5000000000001
-25.99136,27.84208,27-10-2014,323.5,343.0,642.1
-31.554722,29.245556,27-10-2014,294.7,401.3,848.3000000000001
-28.7115,24.07288889,28-10-2014,154.4,173.39999999999998,339.4
-34.065833,20.404167,28-10-2014,56.400000000000006,118.9,302.20000000000005
-22.91028,29.61111,28-10-2014,242.5,249.20000000000002,379.5
-26.970278,27.211111,28-10-2014,283.1,307.6,534.4
-26.880278,26.965,28-10-2014,267.6,294.40000000000003,516.9
-27.802778,28.768333,28-10-2014,362.40000000000003,388.5,642.3000000000002
-27.671111,27.236944,28-10-2014,280.90000000000003,304.30000000000007,508.30000000000007
-29.1825,23.575556,28-10-2014,117.20000000000002,136.0,295.90000000000003
-30.568333,29.422778,28-10-2014,310.8,359.2,680.2
-30.570833,29.150556,28-10-2014,310.3,353.5,665.9
-31.104278,29.399722,28-10-2014,293.0,373.70000000000005,749.2
-33.501667,21.624167,28-10-2014,70.8,110.6,241.50000000000006
-27.01011111,26.69808333,29-10-2014,250.4,277.90000000000003,488.80000000000007
-25.81048333,27.90955222,29-10-2014,313.5,331.1,621.1
-22.935,28.004167,29-10-2014,165.20000000000002,170.20000000000002,289.59999999999997
-24.282222,28.090278,29-10-2014,306.40000000000003,319.80000000000007,579.7000000000002
-24.670833,28.560833,29-10-2014,337.09999999999997,348.4,573.2
-25.73411,27.21422,29-10-2014,302.1,327.8,616.9000000000001
-26.905,32.324722,29-10-2014,263.6,315.4,577.4
-28.735556,29.820556,29-10-2014,396.70000000000005,416.1,698.4000000000001
-26.861111,28.884722,29-10-2014,331.5,354.2,651.0000000000001
-26.648056,27.089444,29-10-2014,274.3,300.6,539.4000000000001
-27.273889,28.49,29-10-2014,343.5,380.80000000000007,653.8000000000001
-27.3,28.586944,29-10-2014,345.3,379.90000000000003,649.6999999999999
-26.98472222,26.63227778,29-10-2014,249.9,277.6,491.4
-28.768056,20.720556,29-10-2014,40.60000000000001,51.8,184.70000000000002
-31.031389,28.883333,29-10-2014,286.90000000000003,341.6,672.9000000000001
-30.86013889,29.07125,29-10-2014,289.6,341.5,661.8000000000001
-30.77586667,29.03221667,29-10-2014,294.3,342.20000000000005,654.4000000000001
-34.405833,19.600556,29-10-2014,71.4,186.6,481.40000000000003
-33.13083,18.86278,29-10-2014,33.400000000000006,128.20000000000002,375.3
-33.7075,18.97444444,29-10-2014,54.099999999999994,208.39999999999998,588.9000000000001
-27.363611,31.783333,30-10-2014,294.00000000000006,352.1,628.1
-27.602222,29.942778,30-10-2014,402.3,428.90000000000003,744.5000000000001
-27.00222,28.76528,30-10-2014,337.8,364.5,653.5000000000001
-26.619444,27.980833,30-10-2014,317.7,336.9,604.8000000000001
-26.73806,27.59194,30-10-2014,305.4,325.9,570.3000000000001
-34.329722,18.990278,30-10-2014,81.3,254.10000000000002,661.8
-33.31388889,19.07472222,30-10-2014,41.2,155.29999999999998,434.00000000000006
-33.897778,20.012778,30-10-2014,55.00000000000001,130.3,326.1
-29.744167,29.905833,31-10-2014,398.8,442.70000000000005,754.6
-28.404444,30.013056,02-11-2014,403.3,425.6,720.8000000000001
-29.744167,29.905833,03-11-2014,398.8,442.70000000000005,754.6
-26.73806,27.59194,03-11-2014,305.4,325.9,570.3000000000001
-26.45,28.085833,03-11-2014,322.20000000000005,341.6,626.0000000000001
-27.671111,27.236944,03-11-2014,280.90000000000003,304.30000000000007,508.30000000000007
-30.733889,29.828333,04-11-2014,333.70000000000005,405.8,753.6
-29.380556,30.2775,04-11-2014,439.30000000000007,469.6,779.6999999999999
-27.169444,29.233889,04-11-2014,339.7,364.6,643.9000000000001
-26.861111,28.884722,04-11-2014,331.5,354.2,651.0000000000001
-26.98472222,26.63227778,04-11-2014,249.9,277.6,491.4
-28.141944,26.417778,04-11-2014,260.1,281.0,455.3
-27.398611,26.614722,04-11-2014,259.3,287.90000000000003,484.9000000000001
-29.160278,26.573333,04-11-2014,247.6,269.09999999999997,468.7
-28.69485,28.23487,04-11-2014,368.2,394.50000000000006,638.6000000000001
-28.883333,27.89,04-11-2014,334.9,362.9,599.0000000000001
-34.039722,22.133333,04-11-2014,105.1,170.90000000000003,357.30000000000007
-27.4,26.624722,04-11-2014,259.3,287.90000000000003,484.9000000000001
-27.01011111,26.69808333,05-11-2014,250.4,277.90000000000003,488.80000000000007
-25.73411,27.21422,05-11-2014,302.1,327.8,616.9000000000001
-30.398056,30.601944,05-11-2014,338.6,475.2,875.3
-27.00222,28.76528,05-11-2014,337.8,364.5,653.5000000000001
-27.02314,28.59389,05-11-2014,338.0,366.80000000000007,649.0000000000001
-26.648056,27.089444,05-11-2014,274.3,300.6,539.4000000000001
-26.970278,27.211111,05-11-2014,283.1,307.6,534.4
-26.880278,26.965,05-11-2014,267.6,294.40000000000003,516.9
-27.273889,28.49,05-11-2014,343.5,380.80000000000007,653.8000000000001
-27.4275,28.525833,05-11-2014,349.5,383.0,648.1
-27.3,28.586944,05-11-2014,345.3,379.90000000000003,649.6999999999999
-28.116667,26.725278,05-11-2014,267.5,288.9,473.8
-30.160091,27.40124,05-11-2014,275.3,311.80000000000007,566.8000000000001
-30.336111,27.359444,05-11-2014,265.3,307.1,577.9
-29.615556,27.065278,05-11-2014,275.59999999999997,302.2,542.0
-34.02861,22.22222,05-11-2014,117.6,190.10000000000002,384.40000000000003
-30.830556,26.921389,06-11-2014,204.5,246.60000000000002,504.70000000000005
-26.619444,27.980833,06-11-2014,317.7,336.9,604.8000000000001
-28.376944,24.303056,06-11-2014,176.2,194.5,357.09999999999997
-31.000833,26.353056,06-11-2014,149.7,190.8,428.1
-30.679722,26.7125,06-11-2014,206.2,244.10000000000002,489.6
-23.838611,31.640833,07-11-2014,243.70000000000002,265.0,436.1
-27.902778,24.615556,07-11-2014,196.0,214.4,377.70000000000005
-29.658056,25.973333,07-11-2014,183.6,203.29999999999998,379.1
-25.99136,27.84208,10-11-2014,323.5,343.0,642.1
-28.1175,26.719444,10-11-2014,267.5,288.9,473.8
-27.671111,27.236944,10-11-2014,280.90000000000003,304.30000000000007,508.30000000000007
-29.140556,31.391944,11-11-2014,318.8,529.2,983.6000000000001
-24.183889,30.823889,11-11-2014,305.0,325.8,520.2
-25.73411,27.21422,11-11-2014,302.1,327.8,616.9000000000001
-28.801278,31.955389,11-11-2014,256.1,437.90000000000003,951.0000000000001
-26.73806,27.59194,11-11-2014,305.4,325.9,570.3000000000001
-26.45,28.085833,11-11-2014,322.20000000000005,341.6,626.0000000000001
-26.98472222,26.63227778,11-11-2014,249.9,277.6,491.4
-27.935,26.126667,11-11-2014,229.3,252.8,417.20000000000005
-28.141944,26.417778,11-11-2014,260.1,281.0,455.3
-27.398611,26.614722,11-11-2014,259.3,287.90000000000003,484.9000000000001
-34.092222,21.295278,11-11-2014,89.8,149.3,334.90000000000003
-25.45963889,28.26430556,11-11-2014,302.50000000000006,317.20000000000005,606.2
-27.4,26.624722,11-11-2014,259.3,287.90000000000003,484.9000000000001
-27.01011111,26.69808333,12-11-2014,250.4,277.90000000000003,488.80000000000007
-25.81048333,27.90955222,12-11-2014,313.5,331.1,621.1
-24.670833,28.560833,12-11-2014,337.09999999999997,348.4,573.2
-22.769722,30.886944,12-11-2014,271.5,287.5,460.4
-24.058889,31.237222,12-11-2014,268.6,291.0,476.4
-28.747778,31.745833,12-11-2014,237.70000000000005,431.4,895.7
-27.937778,31.209444,12-11-2014,482.8,559.6,934.4000000000001
-29.744167,29.905833,12-11-2014,398.8,442.70000000000005,754.6
-27.169444,29.233889,12-11-2014,339.7,364.6,643.9000000000001
-26.861111,28.884722,12-11-2014,331.5,354.2,651.0000000000001
-26.648056,27.089444,12-11-2014,274.3,300.6,539.4000000000001
-26.970278,27.211111,12-11-2014,283.1,307.6,534.4
-26.880278,26.965,12-11-2014,267.6,294.40000000000003,516.9
-27.802778,28.768333,12-11-2014,362.40000000000003,388.5,642.3000000000002
-25.127778,27.628889,13-11-2014,275.8,292.5,554.4000000000001
-25.20639,27.558,13-11-2014,275.6,292.40000000000003,555.8
-23.658056,31.05,13-11-2014,228.50000000000003,248.10000000000002,416.8
-23.281,30.54305556,13-11-2014,251.2,270.4,494.2
-27.5275,30.858056,13-11-2014,523.9000000000001,594.7,1008.0
-27.00222,28.76528,13-11-2014,337.8,364.5,653.5000000000001
-27.273889,28.49,13-11-2014,343.5,380.80000000000007,653.8000000000001
-27.4275,28.525833,13-11-2014,349.5,383.0,648.1
-27.3,28.586944,13-11-2014,345.3,379.90000000000003,649.6999999999999
-24.679167,30.8025,14-11-2014,490.1,535.4000000000001,924.9000000000001
-26.98472222,26.63227778,14-11-2014,249.9,277.6,491.4
-25.49037,30.6986,17-11-2014,401.6,447.70000000000005,781.1000000000001
-27.671111,27.236944,17-11-2014,280.90000000000003,304.30000000000007,508.30000000000007
-29.042222,24.6,17-11-2014,164.10000000000002,180.8,336.1
-29.033333,23.983333,17-11-2014,144.2,163.0,324.8
-25.447222,30.711667,17-11-2014,391.8,436.90000000000003,761.9
-25.127778,27.628889,18-11-2014,275.8,292.5,554.4000000000001
-25.20639,27.558,18-11-2014,275.6,292.40000000000003,555.8
-24.69514,27.40906,18-11-2014,271.90000000000003,289.3,551.4
-26.006389,29.253889,18-11-2014,349.20000000000005,372.70000000000005,676.6999999999999
-25.513889,31.224444,18-11-2014,389.8,436.70000000000005,764.2
-25.398889,31.610556,18-11-2014,300.8,338.8,589.7
-28.141944,26.417778,18-11-2014,260.1,281.0,455.3
-28.1175,26.719444,18-11-2014,267.5,288.9,473.8
-29.028629,24.638389,18-11-2014,168.40000000000003,185.20000000000005,341.70000000000005
-28.338333,31.373611,18-11-2014,461.7,571.2,962.6000000000001
-28.068333,31.55,18-11-2014,420.29999999999995,508.5,856.7
-29.641944,30.6875,19-11-2014,422.4,455.1,711.8
-24.39619444,27.08983333,19-11-2014,244.3,262.0,504.70000000000005
-25.681111,31.783333,19-11-2014,297.1,335.9,589.0
-28.44555556,32.325,14-01-2015,234.40000000000003,492.90000000000003,898.5
-29.161667,30.629722,19-11-2014,474.5,500.9,783.8000000000001
-26.45,28.085833,19-11-2014,322.20000000000005,341.6,626.0000000000001
-27.38972222,26.46388889,19-11-2014,250.79999999999998,278.40000000000003,474.1000000000001
-27.398611,26.614722,19-11-2014,259.3,287.90000000000003,484.9000000000001
-25.57877778,29.12747222,19-11-2014,323.79999999999995,344.70000000000005,638.3
-26.03611,30.99778,20-11-2014,492.8,558.6,1004.9000000000001
-28.75,30.442778,20-11-2014,370.4,388.6,629.3000000000001
-26.861111,28.884722,20-11-2014,331.5,354.2,651.0000000000001
-27.671111,27.236944,20-11-2014,280.90000000000003,304.30000000000007,508.30000000000007
-28.376944,24.303056,20-11-2014,176.2,194.5,357.09999999999997
-29.160278,26.573333,20-11-2014,247.6,269.09999999999997,468.7
-28.308889,31.9025,20-11-2014,360.1,479.70000000000005,874.3000000000001
-24.9675,31.516667,21-11-2014,304.1,335.7,579.5
-28.058889,30.373611,22-11-2014,429.0,456.90000000000003,782.9000000000001
-23.23572222,27.717,24-11-2014,174.3,181.10000000000002,324.0
-25.99136,27.84208,24-11-2014,323.5,343.0,642.1
-27.671111,27.236944,24-11-2014,280.90000000000003,304.30000000000007,508.30000000000007
-31.554722,29.245556,24-11-2014,294.7,401.3,848.3000000000001
-33.818056,19.694722,24-11-2014,56.50000000000001,162.79999999999998,418.0
-32.502778,19.535833,24-11-2014,19.400000000000002,67.5,194.90000000000003
-27.01011111,26.69808333,25-11-2014,250.4,277.90000000000003,488.80000000000007
-31.860278,18.6875,25-11-2014,20.6,72.99999999999999,203.70000000000002
-22.91028,29.61111,25-11-2014,242.5,249.20000000000002,379.5
-26.970278,27.211111,25-11-2014,283.1,307.6,534.4
-26.880278,26.965,25-11-2014,267.6,294.40000000000003,516.9
-28.1175,26.719444,25-11-2014,267.5,288.9,473.8
-30.568333,29.422778,25-11-2014,310.8,359.2,680.2
-30.570833,29.150556,25-11-2014,310.3,353.5,665.9
-31.104278,29.399722,25-11-2014,293.0,373.70000000000005,749.2
-33.501667,21.624167,25-11-2014,70.8,110.6,241.50000000000006
-34.075556,20.145556,25-11-2014,58.300000000000004,131.70000000000002,329.6
-32.595833,19.009444,25-11-2014,25.0,93.60000000000001,263.09999999999997
-25.45963889,28.26430556,25-11-2014,302.50000000000006,317.20000000000005,606.2
-25.81048333,27.90955222,26-11-2014,313.5,331.1,621.1
-24.282222,28.090278,26-11-2014,306.40000000000003,319.80000000000007,579.7000000000002
-23.763056,27.908611,26-11-2014,244.40000000000003,254.8,462.8
-26.905,32.324722,26-11-2014,263.6,315.4,577.4
-27.602222,29.942778,26-11-2014,402.3,428.90000000000003,744.5000000000001
-27.00222,28.76528,26-11-2014,337.8,364.5,653.5000000000001
-26.73806,27.59194,26-11-2014,305.4,325.9,570.3000000000001
-26.45,28.085833,26-11-2014,322.20000000000005,341.6,626.0000000000001
-29.042222,24.6,26-11-2014,164.10000000000002,180.8,336.1
-29.033333,23.983333,26-11-2014,144.2,163.0,324.8
-31.031389,28.883333,26-11-2014,286.90000000000003,341.6,672.9000000000001
-30.86013889,29.07125,26-11-2014,289.6,341.5,661.8000000000001
-30.77586667,29.03221667,26-11-2014,294.3,342.20000000000005,654.4000000000001
-34.250556,20.9925,26-11-2014,79.2,141.3,336.6
-33.38056,19.30167,26-11-2014,46.9,158.8,417.0
-27.169444,29.233889,27-11-2014,339.7,364.6,643.9000000000001
-26.861111,28.884722,27-11-2014,331.5,354.2,651.0000000000001
-29.028629,24.638389,27-11-2014,168.40000000000003,185.20000000000005,341.70000000000005
-32.94583,18.33667,27-11-2014,25.7,99.6,295.3
-23.838611,31.640833,28-11-2014,243.70000000000002,265.0,436.1
-29.744167,29.905833,28-11-2014,398.8,442.70000000000005,754.6
-26.648056,27.089444,28-11-2014,274.3,300.6,539.4000000000001
-28.116667,26.725278,28-11-2014,267.5,288.9,473.8
-27.573056,24.746389,28-11-2014,203.3,223.8,389.29999999999995
-29.744167,29.905833,01-12-2014,398.8,442.70000000000005,754.6
-29.380556,30.2775,01-12-2014,439.30000000000007,469.6,779.6999999999999
-26.970278,27.211111,01-12-2014,283.1,307.6,534.4
-29.160278,26.573333,01-12-2014,247.6,269.09999999999997,468.7
-27.01011111,26.69808333,02-12-2014,250.4,277.90000000000003,488.80000000000007
-34.065833,20.404167,02-12-2014,56.400000000000006,118.9,302.20000000000005
-25.127778,27.628889,02-12-2014,275.8,292.5,554.4000000000001
-24.69514,27.40906,02-12-2014,271.90000000000003,289.3,551.4
-25.49037,30.6986,02-12-2014,401.6,447.70000000000005,781.1000000000001
-26.861111,28.884722,02-12-2014,331.5,354.2,651.0000000000001
-26.648056,27.089444,02-12-2014,274.3,300.6,539.4000000000001
-26.880278,26.965,02-12-2014,267.6,294.40000000000003,516.9
-26.98472222,26.63227778,02-12-2014,249.9,277.6,491.4
-27.671111,27.236944,02-12-2014,280.90000000000003,304.30000000000007,508.30000000000007
-28.69485,28.23487,02-12-2014,368.2,394.50000000000006,638.6000000000001
-29.615556,27.065278,02-12-2014,275.59999999999997,302.2,542.0
-28.883333,27.89,02-12-2014,334.9,362.9,599.0000000000001
-34.092222,21.295278,02-12-2014,89.8,149.3,334.90000000000003
-33.31388889,19.07472222,02-12-2014,41.2,155.29999999999998,434.00000000000006
-33.7075,18.97444444,02-12-2014,54.099999999999994,208.39999999999998,588.9000000000001
-25.20639,27.558,03-12-2014,275.6,292.40000000000003,555.8
-25.73411,27.21422,03-12-2014,302.1,327.8,616.9000000000001
-26.45,28.085833,03-12-2014,322.20000000000005,341.6,626.0000000000001
-27.273889,28.49,03-12-2014,343.5,380.80000000000007,653.8000000000001
-27.4275,28.525833,03-12-2014,349.5,383.0,648.1
-27.3,28.586944,03-12-2014,345.3,379.90000000000003,649.6999999999999
-30.160091,27.40124,03-12-2014,275.3,311.80000000000007,566.8000000000001
-30.336111,27.359444,03-12-2014,265.3,307.1,577.9
-34.039722,22.133333,03-12-2014,105.1,170.90000000000003,357.30000000000007
-34.02861,22.22222,03-12-2014,117.6,190.10000000000002,384.40000000000003
-34.405833,19.600556,03-12-2014,71.4,186.6,481.40000000000003
-33.13083,18.86278,03-12-2014,33.400000000000006,128.20000000000002,375.3
-33.464444,18.740556,03-12-2014,40.2,160.50000000000003,470.1
-30.830556,26.921389,04-12-2014,204.5,246.60000000000002,504.70000000000005
-25.362222,31.956667,04-12-2014,281.4,318.6,572.1999999999999
-27.902778,24.615556,04-12-2014,196.0,214.4,377.70000000000005
-28.376944,24.303056,04-12-2014,176.2,194.5,357.09999999999997
-29.160278,26.573333,04-12-2014,247.6,269.09999999999997,468.7
-30.679722,26.7125,04-12-2014,206.2,244.10000000000002,489.6
-34.329722,18.990278,04-12-2014,81.3,254.10000000000002,661.8
-29.803611,30.516111,04-12-2014,411.2,456.8,744.7
-33.897778,20.012778,04-12-2014,55.00000000000001,130.3,326.1
-26.98472222,26.63227778,05-12-2014,249.9,277.6,491.4
-25.99136,27.84208,08-12-2014,323.5,343.0,642.1
-26.45,28.085833,08-12-2014,322.20000000000005,341.6,626.0000000000001
-28.141944,26.417778,08-12-2014,260.1,281.0,455.3
-29.042222,24.6,08-12-2014,164.10000000000002,180.8,336.1
-29.028629,24.638389,08-12-2014,168.40000000000003,185.20000000000005,341.70000000000005
-29.033333,23.983333,08-12-2014,144.2,163.0,324.8
-28.460833,21.248889,08-12-2014,53.5,71.5,240.3
-30.86013889,29.07125,08-12-2014,289.6,341.5,661.8000000000001
-30.77586667,29.03221667,08-12-2014,294.3,342.20000000000005,654.4000000000001
-29.140556,31.391944,09-12-2014,318.8,529.2,983.6000000000001
-24.183889,30.823889,09-12-2014,305.0,325.8,520.2
-24.69514,27.40906,09-12-2014,271.90000000000003,289.3,551.4
-25.73411,27.21422,09-12-2014,302.1,327.8,616.9000000000001
-28.747778,31.745833,09-12-2014,237.70000000000005,431.4,895.7
-28.801278,31.955389,09-12-2014,256.1,437.90000000000003,951.0000000000001
-26.861111,28.884722,09-12-2014,331.5,354.2,651.0000000000001
-28.1175,26.719444,09-12-2014,267.5,288.9,473.8
-27.398611,26.614722,09-12-2014,259.3,287.90000000000003,484.9000000000001
-30.568333,29.422778,09-12-2014,310.8,359.2,680.2
-30.570833,29.150556,09-12-2014,310.3,353.5,665.9
-31.554722,29.245556,09-12-2014,294.7,401.3,848.3000000000001
-25.45963889,28.26430556,09-12-2014,302.50000000000006,317.20000000000005,606.2
-27.4,26.624722,09-12-2014,259.3,287.90000000000003,484.9000000000001
-27.01011111,26.69808333,10-12-2014,250.4,277.90000000000003,488.80000000000007
-25.81048333,27.90955222,10-12-2014,313.5,331.1,621.1
-29.641944,30.6875,10-12-2014,422.4,455.1,711.8
-24.670833,28.560833,10-12-2014,337.09999999999997,348.4,573.2
-28.404444,30.013056,10-12-2014,403.3,425.6,720.8000000000001
-26.648056,27.089444,10-12-2014,274.3,300.6,539.4000000000001
-26.970278,27.211111,10-12-2014,283.1,307.6,534.4
-26.880278,26.965,10-12-2014,267.6,294.40000000000003,516.9
-26.98472222,26.63227778,10-12-2014,249.9,277.6,491.4
-27.671111,27.236944,10-12-2014,280.90000000000003,304.30000000000007,508.30000000000007
-28.058889,30.373611,10-12-2014,429.0,456.90000000000003,782.9000000000001
-23.658056,31.05,11-12-2014,228.50000000000003,248.10000000000002,416.8
-23.281,30.54305556,11-12-2014,251.2,270.4,494.2
-27.5275,30.858056,11-12-2014,523.9000000000001,594.7,1008.0
-27.38972222,26.46388889,11-12-2014,250.79999999999998,278.40000000000003,474.1000000000001
-27.398611,26.614722,11-12-2014,259.3,287.90000000000003,484.9000000000001
-27.4,26.624722,11-12-2014,259.3,287.90000000000003,484.9000000000001
-24.679167,30.8025,12-12-2014,490.1,535.4000000000001,924.9000000000001
-29.744167,29.905833,12-12-2014,398.8,442.70000000000005,754.6
-26.73806,27.59194,15-12-2014,305.4,325.9,570.3000000000001
-27.671111,27.236944,15-12-2014,280.90000000000003,304.30000000000007,508.30000000000007
-25.127778,27.628889,16-12-2014,275.8,292.5,554.4000000000001
-28.44555556,32.325,18-02-2015,234.40000000000003,492.90000000000003,898.5
-26.970278,27.211111,16-12-2014,283.1,307.6,534.4
-27.01011111,26.69808333,17-12-2014,250.4,277.90000000000003,488.80000000000007
-27.602222,29.942778,17-12-2014,402.3,428.90000000000003,744.5000000000001
-28.75,30.442778,17-12-2014,370.4,388.6,629.3000000000001
-29.161667,30.629722,17-12-2014,474.5,500.9,783.8000000000001
-26.648056,27.089444,17-12-2014,274.3,300.6,539.4000000000001
-26.880278,26.965,17-12-2014,267.6,294.40000000000003,516.9
-26.45,28.085833,17-12-2014,322.20000000000005,341.6,626.0000000000001
-26.98472222,26.63227778,17-12-2014,249.9,277.6,491.4
-33.501667,21.624167,17-12-2014,70.8,110.6,241.50000000000006
-29.641944,30.6875,18-12-2014,422.4,455.1,711.8
-26.905,32.324722,18-12-2014,263.6,315.4,577.4
-27.169444,29.233889,18-12-2014,339.7,364.6,643.9000000000001
-26.861111,28.884722,18-12-2014,331.5,354.2,651.0000000000001
-27.00222,28.76528,18-12-2014,337.8,364.5,653.5000000000001
-28.376944,24.303056,18-12-2014,176.2,194.5,357.09999999999997
-34.250556,20.9925,18-12-2014,79.2,141.3,336.6
-27.902778,24.615556,19-12-2014,196.0,214.4,377.70000000000005
-22.43772222,31.07805556,21-12-2014,230.8,241.6,364.5
-24.282222,28.090278,22-12-2014,306.40000000000003,319.80000000000007,579.7000000000002
-30.733889,29.828333,22-12-2014,333.70000000000005,405.8,753.6
-26.970278,27.211111,22-12-2014,283.1,307.6,534.4
-26.880278,26.965,22-12-2014,267.6,294.40000000000003,516.9
-26.45,28.085833,22-12-2014,322.20000000000005,341.6,626.0000000000001
-27.01011111,26.69808333,23-12-2014,250.4,277.90000000000003,488.80000000000007
-25.81048333,27.90955222,23-12-2014,313.5,331.1,621.1
-22.225556,29.990556,23-12-2014,151.0,155.5,239.4
-22.91028,29.61111,23-12-2014,242.5,249.20000000000002,379.5
-26.861111,28.884722,23-12-2014,331.5,354.2,651.0000000000001
-27.00222,28.76528,23-12-2014,337.8,364.5,653.5000000000001
-26.98472222,26.63227778,23-12-2014,249.9,277.6,491.4
-29.744167,29.905833,24-12-2014,398.8,442.70000000000005,754.6
-29.161667,23.696389,31-12-2014,126.50000000000001,145.10000000000002,305.5000000000001
-28.376944,24.303056,01-01-2015,176.2,194.5,357.09999999999997
-27.902778,24.615556,02-01-2015,142.8,268.8,355.20000000000005
-25.99136,27.84208,05-01-2015,119.10000000000001,393.0,499.4
-29.987778,29.851667,05-01-2015,157.1,395.5,630.4000000000001
-29.744167,29.905833,05-01-2015,147.9,385.90000000000003,628.3000000000001
-26.970278,27.211111,05-01-2015,89.10000000000001,280.2,433.59999999999997
-28.1175,26.719444,05-01-2015,88.3,232.0,418.4
-27.671111,27.236944,05-01-2015,88.7,248.1,431.4000000000001
-29.140556,31.391944,06-01-2015,172.10000000000002,528.6,976.1
-25.73411,27.21422,06-01-2015,65.60000000000001,221.79999999999998,491.1000000000001
-30.733889,29.828333,06-01-2015,94.4,290.70000000000005,665.0
-27.935,26.126667,06-01-2015,48.800000000000004,188.10000000000002,403.40000000000003
-28.141944,26.417778,06-01-2015,52.0,197.40000000000003,441.1
-27.398611,26.614722,06-01-2015,60.400000000000006,202.70000000000005,448.80000000000007
-29.160278,26.573333,06-01-2015,57.5,215.20000000000002,450.40000000000003
-28.69485,28.23487,06-01-2015,64.8,250.4,595.7000000000002
-28.883333,27.89,06-01-2015,64.60000000000001,247.90000000000003,563.4
-27.01011111,26.69808333,07-01-2015,35.7,157.5,435.40000000000003
-25.81048333,27.90955222,07-01-2015,19.200000000000003,171.79999999999998,502.90000000000003
-28.747778,31.745833,07-01-2015,219.1,521.9000000000001,953.3000000000001
-28.801278,31.955389,07-01-2015,246.5,546.3000000000001,984.2
-28.404444,30.013056,07-01-2015,52.60000000000001,184.70000000000002,610.3
-26.648056,27.089444,07-01-2015,29.200000000000003,153.70000000000002,454.30000000000007
-26.880278,26.965,07-01-2015,32.4,155.20000000000002,449.6
-26.98472222,26.63227778,07-01-2015,35.7,159.20000000000002,436.79999999999995
-28.116667,26.725278,07-01-2015,46.0,171.2,460.1
-30.160091,27.40124,07-01-2015,82.60000000000001,251.70000000000002,563.5000000000001
-30.336111,27.359444,07-01-2015,84.10000000000001,259.2,566.3000000000001
-29.615556,27.065278,07-01-2015,73.60000000000001,238.6,540.8
-30.830556,26.921389,08-01-2015,109.30000000000001,240.3,517.5
-31.000833,26.353056,08-01-2015,113.4,246.50000000000006,462.4000000000001
-30.679722,26.7125,08-01-2015,103.60000000000001,233.0,509.99999999999994
-23.838611,31.640833,09-01-2015,27.400000000000002,65.2,406.9000000000001
-27.5275,30.858056,09-01-2015,54.6,124.39999999999999,836.1000000000001
-29.744167,29.905833,09-01-2015,72.80000000000001,124.39999999999999,711.0000000000002
-30.398056,30.601944,09-01-2015,174.20000000000002,294.20000000000005,848.5000000000001
-26.98472222,26.63227778,09-01-2015,64.9,118.30000000000001,479.69999999999993
-27.573056,24.746389,09-01-2015,40.400000000000006,86.4,416.2
-29.658056,25.973333,09-01-2015,54.5,111.2,421.40000000000003
-29.803611,30.516111,09-01-2015,95.1,166.9,759.8999999999999
-28.735556,29.820556,12-01-2015,67.8,127.8,349.9
-26.970278,27.211111,12-01-2015,80.0,147.0,339.3
-26.73806,27.59194,12-01-2015,93.1,159.6,354.09999999999997
-25.127778,27.628889,13-01-2015,113.2,163.8,354.70000000000005
-25.20639,27.558,13-01-2015,112.0,162.2,358.1
-24.69514,27.40906,13-01-2015,112.5,157.9,361.6
-28.141944,26.417778,13-01-2015,50.599999999999994,103.5,300.9000000000001
-28.1175,26.719444,13-01-2015,52.9,104.70000000000002,301.8
-28.116667,26.725278,13-01-2015,52.9,104.70000000000002,301.8
-30.568333,29.422778,13-01-2015,131.4,208.70000000000002,468.59999999999997
-30.570833,29.150556,13-01-2015,122.70000000000002,196.40000000000003,442.8
-28.338333,31.373611,13-01-2015,251.10000000000002,339.40000000000003,685.8
-28.068333,31.55,13-01-2015,211.70000000000002,295.0,589.1000000000001
-27.01011111,26.69808333,14-01-2015,69.2,133.0,328.9
-29.641944,30.6875,14-01-2015,83.1,190.60000000000002,467.40000000000003
-24.39619444,27.08983333,14-01-2015,98.80000000000001,140.0,336.80000000000007
-25.73411,27.21422,14-01-2015,106.30000000000001,184.3,406.09999999999997
-28.44555556,32.325,09-04-2015,234.40000000000003,492.90000000000003,898.5
-27.602222,29.942778,14-01-2015,124.80000000000001,185.60000000000002,414.00000000000006
-28.75,30.442778,14-01-2015,64.1,124.0,318.1
-29.161667,30.629722,14-01-2015,83.6,172.0,446.80000000000007
-26.648056,27.089444,14-01-2015,82.7,155.29999999999998,348.90000000000003
-26.45,28.085833,14-01-2015,111.8,176.0,385.0
-27.38972222,26.46388889,14-01-2015,62.900000000000006,121.9,326.6
-26.98472222,26.63227778,14-01-2015,69.30000000000001,134.2,333.1
-27.398611,26.614722,14-01-2015,66.3,126.7,329.40000000000003
-31.104278,29.399722,14-01-2015,167.3,292.6,590.3
-31.396,29.2651,14-01-2015,181.50000000000003,330.70000000000005,648.5
-31.554722,29.245556,14-01-2015,197.60000000000002,351.00000000000006,700.8000000000001
-27.169444,29.233889,15-01-2015,114.5,184.3,385.4
-27.02314,28.59389,15-01-2015,117.20000000000002,195.3,408.49999999999994
-27.398611,26.614722,15-01-2015,66.3,126.7,329.40000000000003
-27.573056,24.746389,15-01-2015,44.9,85.30000000000001,290.79999999999995
-28.376944,24.303056,15-01-2015,35.1,76.60000000000001,292.9
-31.031389,28.883333,15-01-2015,138.70000000000002,224.1,488.2000000000001
-30.86013889,29.07125,15-01-2015,133.60000000000002,218.8,476.1000000000001
-30.77586667,29.03221667,15-01-2015,127.4,210.8,463.90000000000003
-26.619444,27.980833,16-01-2015,103.5,168.3,369.6000000000001
-27.671111,27.236944,16-01-2015,63.5,124.2,319.90000000000003
-27.902778,24.615556,16-01-2015,40.300000000000004,79.9,286.6
-28.747778,31.745833,17-01-2015,303.0,529.8000000000001,1006.3000000000002
-25.99136,27.84208,19-01-2015,117.6,173.9,404.3
-26.970278,27.211111,19-01-2015,80.0,147.0,339.3
-29.028629,24.638389,19-01-2015,30.0,75.9,289.1
-29.033333,23.983333,19-01-2015,27.5,68.8,278.09999999999997
-33.818056,19.694722,19-01-2015,56.800000000000004,200.8,338.30000000000007
-27.01011111,26.69808333,20-01-2015,69.2,133.0,328.9
-22.225556,29.990556,20-01-2015,77.9,101.8,252.5
-26.98472222,26.63227778,20-01-2015,69.30000000000001,134.2,333.1
-27.935,26.126667,20-01-2015,48.1,103.10000000000001,291.2
-28.1175,26.719444,20-01-2015,52.9,104.70000000000002,301.8
-34.075556,20.145556,20-01-2015,58.400000000000006,174.79999999999998,281.09999999999997
-32.502778,19.535833,20-01-2015,13.0,95.5,173.20000000000002
-29.161667,23.696389,21-01-2015,24.000000000000004,62.7,263.20000000000005
-25.81048333,27.90955222,21-01-2015,117.4,165.10000000000002,387.59999999999997
-29.641944,30.6875,21-01-2015,83.1,190.60000000000002,467.40000000000003
-25.73411,27.21422,21-01-2015,106.30000000000001,184.3,406.09999999999997
-26.648056,27.089444,21-01-2015,82.7,155.29999999999998,348.90000000000003
-29.160278,26.573333,21-01-2015,47.400000000000006,101.30000000000001,316.50000000000006
-29.033333,23.983333,21-01-2015,27.5,68.8,278.09999999999997
-26.03611,30.99778,22-01-2015,246.9,317.70000000000005,652.6
-27.363611,31.783333,22-01-2015,158.40000000000003,217.60000000000002,435.09999999999997
-26.905,32.324722,22-01-2015,138.1,187.8,424.2
-28.116667,26.725278,22-01-2015,52.9,104.70000000000002,301.8
-23.838611,31.640833,23-01-2015,112.4,139.8,299.0
-29.744167,29.905833,23-01-2015,122.70000000000002,195.50000000000003,462.40000000000003
-28.96362,19.15486,24-01-2015,1.4000000000000001,12.400000000000002,58.2
-26.73806,27.59194,26-01-2015,93.1,159.6,354.09999999999997
-26.45,28.085833,26-01-2015,111.8,176.0,385.0
-34.065833,20.404167,27-01-2015,56.599999999999994,167.70000000000005,270.6000000000001
-25.127778,27.628889,27-01-2015,113.2,163.8,354.70000000000005
-25.20639,27.558,27-01-2015,112.0,162.2,358.1
-24.39619444,27.08983333,27-01-2015,98.80000000000001,140.0,336.80000000000007
-24.69514,27.40906,27-01-2015,112.5,157.9,361.6
-27.169444,29.233889,27-01-2015,114.5,184.3,385.4
-26.861111,28.884722,27-01-2015,119.20000000000002,189.20000000000002,398.00000000000006
-26.970278,27.211111,27-01-2015,80.0,147.0,339.3
-26.880278,26.965,27-01-2015,76.5,146.0,338.1
-33.501667,21.624167,27-01-2015,55.1,141.9,246.4
-32.595833,19.009444,27-01-2015,18.900000000000002,127.1,222.40000000000003
-29.161667,23.696389,28-01-2015,24.000000000000004,62.7,263.20000000000005
-28.7115,24.07288889,28-01-2015,31.3,73.80000000000001,288.2
-27.01011111,26.69808333,28-01-2015,69.2,133.0,328.9
-24.282222,28.090278,28-01-2015,126.50000000000001,161.8,390.9
-23.763056,27.908611,28-01-2015,105.0,133.4,340.09999999999997
-23.658056,31.05,28-01-2015,105.1,135.0,310.2
-23.281,30.54305556,28-01-2015,121.10000000000001,164.4,439.90000000000003
-27.937778,31.209444,28-01-2015,214.9,273.0,578.1999999999999
-28.404444,30.013056,28-01-2015,72.3,139.8,360.00000000000006
-26.648056,27.089444,28-01-2015,82.7,155.29999999999998,348.90000000000003
-27.273889,28.49,28-01-2015,117.30000000000001,202.6,430.9000000000001
-27.4275,28.525833,28-01-2015,107.60000000000001,191.5,413.9000000000001
-27.3,28.586944,28-01-2015,114.1,197.20000000000002,419.80000000000007
-26.98472222,26.63227778,28-01-2015,69.30000000000001,134.2,333.1
-34.405833,19.600556,28-01-2015,73.30000000000001,224.60000000000002,381.1
-28.068333,31.55,28-01-2015,211.70000000000002,295.0,589.1000000000001
-28.058889,30.373611,28-01-2015,102.39999999999999,176.60000000000002,420.7
-22.935,28.004167,29-01-2015,77.5,92.0,255.60000000000008
-22.225556,29.990556,29-01-2015,77.9,101.8,252.5
-24.670833,28.560833,29-01-2015,151.1,179.8,375.50000000000006
-27.5275,30.858056,29-01-2015,238.4,293.0,611.8000000000001
-28.376944,24.303056,29-01-2015,35.1,76.60000000000001,292.9
-34.329722,18.990278,29-01-2015,87.50000000000001,277.2,490.0
-33.38056,19.30167,29-01-2015,44.1,188.40000000000003,329.4000000000001
-27.573056,24.746389,30-01-2015,44.9,85.30000000000001,290.79999999999995
-27.902778,24.615556,30-01-2015,40.300000000000004,79.9,286.6
-25.99136,27.84208,02-02-2015,117.6,173.9,404.3
-29.7775,29.470833,02-02-2015,129.8,203.20000000000002,521.8
-29.744167,29.905833,02-02-2015,122.70000000000002,195.50000000000003,462.40000000000003
-26.970278,27.211111,02-02-2015,80.0,147.0,339.3
-28.116667,26.725278,02-02-2015,52.9,104.70000000000002,301.8
-27.671111,27.236944,02-02-2015,63.5,124.2,319.90000000000003
-33.818056,19.694722,02-02-2015,56.800000000000004,200.8,338.30000000000007
-29.140556,31.391944,03-02-2015,316.1,490.90000000000003,1019.5
-25.73411,27.21422,03-02-2015,106.30000000000001,184.3,406.09999999999997
-28.801278,31.955389,03-02-2015,264.2,519.3,989.8000000000001
-29.987778,29.851667,03-02-2015,133.4,213.0,491.1
-26.98472222,26.63227778,03-02-2015,69.30000000000001,134.2,333.1
-27.398611,26.614722,03-02-2015,66.3,126.7,329.40000000000003
-33.31388889,19.07472222,03-02-2015,40.6,190.40000000000003,336.7
-25.45963889,28.26430556,03-02-2015,129.5,176.8,381.90000000000003
-27.4,26.624722,03-02-2015,66.3,126.7,329.40000000000003
-27.01011111,26.69808333,04-02-2015,69.2,133.0,328.9
-25.81048333,27.90955222,04-02-2015,117.4,165.10000000000002,387.59999999999997
-29.641944,30.6875,04-02-2015,83.1,190.60000000000002,467.40000000000003
-28.747778,31.745833,04-02-2015,303.0,529.8000000000001,1006.3000000000002
-26.648056,27.089444,04-02-2015,82.7,155.29999999999998,348.90000000000003
-27.671111,27.236944,04-02-2015,63.5,124.2,319.90000000000003
-28.768056,20.720556,04-02-2015,11.5,36.0,152.3
-32.94583,18.33667,04-02-2015,23.5,127.9,230.50000000000003
-30.13573889,30.67422222,05-02-2015,145.60000000000002,301.3,608.7000000000002
-29.160278,26.573333,05-02-2015,47.400000000000006,101.30000000000001,316.50000000000006
-33.13083,18.86278,05-02-2015,31.6,161.6,291.3
-29.744167,29.905833,06-02-2015,122.70000000000002,195.50000000000003,462.40000000000003
-29.380556,30.2775,06-02-2015,94.0,169.6,426.3
-29.803611,30.516111,06-02-2015,111.20000000000002,206.3,483.40000000000003
-23.838611,31.640833,09-02-2015,112.4,139.8,299.0
-25.49037,30.6986,09-02-2015,197.3,251.3,525.6000000000001
-25.513889,31.224444,09-02-2015,194.8,247.0,518.7
-28.735556,29.820556,09-02-2015,67.8,127.8,349.9
-26.970278,27.211111,09-02-2015,80.0,147.0,339.3
-26.45,28.085833,09-02-2015,111.8,176.0,385.0
-25.447222,30.711667,09-02-2015,192.20000000000002,244.8,513.1
-28.760833,17.730278,10-02-2015,3.3000000000000003,16.700000000000003,42.0
-27.01011111,26.69808333,10-02-2015,69.2,133.0,328.9
-25.436111,31.982222,10-02-2015,139.9,179.20000000000005,401.6
-25.20639,27.558,10-02-2015,112.0,162.2,358.1
-24.69514,27.40906,10-02-2015,112.5,157.9,361.6
-23.281,30.54305556,10-02-2015,121.10000000000001,164.4,439.90000000000003
-25.681111,31.783333,10-02-2015,153.7,192.39999999999998,403.79999999999995
-25.398889,31.610556,10-02-2015,151.4,192.90000000000003,406.1
-24.99328,30.81444,10-02-2015,220.3,288.6,648.5000000000001
-27.602222,29.942778,10-02-2015,124.80000000000001,185.60000000000002,414.00000000000006
-26.861111,28.884722,10-02-2015,119.20000000000002,189.20000000000002,398.00000000000006
-26.648056,27.089444,10-02-2015,82.7,155.29999999999998,348.90000000000003
-26.98472222,26.63227778,10-02-2015,69.30000000000001,134.2,333.1
-28.141944,26.417778,10-02-2015,50.599999999999994,103.5,300.9000000000001
-28.1175,26.719444,10-02-2015,52.9,104.70000000000002,301.8
-28.116667,26.725278,10-02-2015,52.9,104.70000000000002,301.8
-29.1825,23.575556,10-02-2015,23.4,63.300000000000004,258.6
-31.396,29.2651,10-02-2015,181.50000000000003,330.70000000000005,648.5
-31.554722,29.245556,10-02-2015,197.60000000000002,351.00000000000006,700.8000000000001
-34.039722,22.133333,10-02-2015,85.10000000000001,235.50000000000003,415.7
-29.161667,23.696389,11-02-2015,24.000000000000004,62.7,263.20000000000005
-24.670833,28.560833,11-02-2015,151.1,179.8,375.50000000000006
-24.39619444,27.08983333,11-02-2015,98.80000000000001,140.0,336.80000000000007
-24.058889,31.237222,11-02-2015,120.30000000000001,155.1,337.40000000000003
-25.362222,31.956667,11-02-2015,137.5,177.1,392.20000000000005
-25.14944444,31.94055556,11-02-2015,130.7,170.90000000000003,380.40000000000003
-28.75,30.442778,11-02-2015,64.1,124.0,318.1
-29.161667,30.629722,11-02-2015,83.6,172.0,446.80000000000007
-27.38972222,26.46388889,11-02-2015,62.900000000000006,121.9,326.6
-27.398611,26.614722,11-02-2015,66.3,126.7,329.40000000000003
-31.104278,29.399722,11-02-2015,167.3,292.6,590.3
-30.77586667,29.03221667,11-02-2015,127.4,210.8,463.90000000000003
-34.005833,22.351111,11-02-2015,118.80000000000001,302.09999999999997,516.1
-23.658056,31.05,12-02-2015,105.1,135.0,310.2
-27.671111,27.236944,12-02-2015,63.5,124.2,319.90000000000003
-28.376944,24.303056,12-02-2015,35.1,76.60000000000001,292.9
-30.568333,29.422778,12-02-2015,131.4,208.70000000000002,468.59999999999997
-31.031389,28.883333,12-02-2015,138.70000000000002,224.1,488.2000000000001
-30.86013889,29.07125,12-02-2015,133.60000000000002,218.8,476.1000000000001
-30.570833,29.150556,12-02-2015,122.70000000000002,196.40000000000003,442.8
-28.338333,31.373611,12-02-2015,251.10000000000002,339.40000000000003,685.8
-24.679167,30.8025,13-02-2015,212.40000000000003,275.1,655.7000000000002
-22.769722,30.886944,13-02-2015,118.4,152.0,386.1
-24.768889,31.39,13-02-2015,151.3,198.8,440.5
-24.9675,31.516667,13-02-2015,140.0,183.6,397.6
-27.573056,24.746389,13-02-2015,44.9,85.30000000000001,290.79999999999995
-27.902778,24.615556,13-02-2015,40.300000000000004,79.9,286.6
-28.96362,19.15486,14-02-2015,1.4000000000000001,12.400000000000002,58.2
-25.99136,27.84208,16-02-2015,117.6,173.9,404.3
-26.970278,27.211111,16-02-2015,80.0,147.0,339.3
-26.73806,27.59194,16-02-2015,93.1,159.6,354.09999999999997
-26.45,28.085833,16-02-2015,111.8,176.0,385.0
-27.671111,27.236944,16-02-2015,63.5,124.2,319.90000000000003
-32.502778,19.535833,16-02-2015,13.0,95.5,173.20000000000002
-27.01011111,26.69808333,17-02-2015,69.2,133.0,328.9
-27.169444,29.233889,17-02-2015,114.5,184.3,385.4
-26.861111,28.884722,17-02-2015,119.20000000000002,189.20000000000002,398.00000000000006
-27.02314,28.59389,17-02-2015,117.20000000000002,195.3,408.49999999999994
-26.98472222,26.63227778,17-02-2015,69.30000000000001,134.2,333.1
-29.160278,26.573333,17-02-2015,47.400000000000006,101.30000000000001,316.50000000000006
-28.69485,28.23487,17-02-2015,70.2,151.7,402.1000000000001
-28.883333,27.89,17-02-2015,64.8,139.2,387.1000000000001
-31.436944,20.474722,17-02-2015,11.3,56.9,119.69999999999999
-34.075556,20.145556,17-02-2015,58.400000000000006,174.79999999999998,281.09999999999997
-32.595833,19.009444,17-02-2015,18.900000000000002,127.1,222.40000000000003
-25.45963889,28.26430556,17-02-2015,129.5,176.8,381.90000000000003
-28.068333,31.55,17-02-2015,211.70000000000002,295.0,589.1000000000001
-29.161667,23.696389,18-02-2015,24.000000000000004,62.7,263.20000000000005
-25.81048333,27.90955222,18-02-2015,117.4,165.10000000000002,387.59999999999997
-22.225556,29.990556,18-02-2015,77.9,101.8,252.5
-29.641944,30.6875,18-02-2015,83.1,190.60000000000002,467.40000000000003
-25.73411,27.21422,18-02-2015,106.30000000000001,184.3,406.09999999999997
-28.44555556,32.325,07-05-2015,234.40000000000003,492.90000000000003,898.5
-26.648056,27.089444,18-02-2015,82.7,155.29999999999998,348.90000000000003
-26.880278,26.965,18-02-2015,76.5,146.0,338.1
-28.116667,26.725278,18-02-2015,52.9,104.70000000000002,301.8
-29.033333,23.983333,18-02-2015,27.5,68.8,278.09999999999997
-30.160091,27.40124,18-02-2015,73.2,141.6,409.9
-30.336111,27.359444,18-02-2015,78.10000000000001,152.3,424.69999999999993
-29.615556,27.065278,18-02-2015,57.10000000000001,120.30000000000001,375.9
-25.57877778,29.12747222,18-02-2015,154.2,197.7,421.29999999999995
-30.830556,26.921389,19-02-2015,67.0,143.9,403.2
-28.141944,26.417778,19-02-2015,50.599999999999994,103.5,300.9000000000001
-31.000833,26.353056,19-02-2015,44.5,124.1,377.1000000000001
-30.679722,26.7125,19-02-2015,61.00000000000001,133.4,388.1
-34.250556,20.9925,19-02-2015,79.6,212.0,343.9000000000001
-33.31388889,19.07472222,19-02-2015,40.6,190.40000000000003,336.7
-28.308889,31.9025,19-02-2015,230.8,398.7000000000001,738.1000000000001
-22.43772222,31.07805556,20-02-2015,95.60000000000001,116.20000000000002,292.0
-29.744167,29.905833,20-02-2015,122.70000000000002,195.50000000000003,462.40000000000003
-29.658056,25.973333,20-02-2015,31.6,86.10000000000001,288.8
-29.7775,29.470833,23-02-2015,129.8,203.20000000000002,521.8
-29.987778,29.851667,23-02-2015,133.4,213.0,491.1
-29.744167,29.905833,23-02-2015,122.70000000000002,195.50000000000003,462.40000000000003
-26.45,28.085833,23-02-2015,111.8,176.0,385.0
-29.042222,24.6,23-02-2015,29.1,74.30000000000001,285.9
-29.033333,23.983333,23-02-2015,27.5,68.8,278.09999999999997
-34.031944,22.053333,23-02-2015,80.7,223.2,395.2
-33.38056,19.30167,23-02-2015,44.1,188.40000000000003,329.4000000000001
-30.733889,29.828333,24-02-2015,166.70000000000002,271.50000000000006,562.2
-26.861111,28.884722,24-02-2015,119.20000000000002,189.20000000000002,398.00000000000006
-27.00222,28.76528,24-02-2015,117.10000000000002,192.8,406.8
-26.970278,27.211111,24-02-2015,80.0,147.0,339.3
-26.619444,27.980833,24-02-2015,103.5,168.3,369.6000000000001
-29.028629,24.638389,24-02-2015,30.0,75.9,289.1
-33.13083,18.86278,24-02-2015,31.6,161.6,291.3
-29.161667,23.696389,25-02-2015,24.000000000000004,62.7,263.20000000000005
-27.01011111,26.69808333,25-02-2015,69.2,133.0,328.9
-23.23572222,27.717,25-02-2015,80.30000000000001,102.0,269.59999999999997
-22.548889,28.898056,25-02-2015,74.2,90.30000000000001,247.10000000000002
-22.91028,29.61111,25-02-2015,105.9,126.7,319.0
-27.937778,31.209444,25-02-2015,214.9,273.0,578.1999999999999
-26.905,32.324722,25-02-2015,138.1,187.8,424.2
-28.404444,30.013056,25-02-2015,72.3,139.8,360.00000000000006
-30.398056,30.601944,25-02-2015,179.4,353.6,678.3
-26.648056,27.089444,25-02-2015,82.7,155.29999999999998,348.90000000000003
-26.98472222,26.63227778,25-02-2015,69.30000000000001,134.2,333.1
-34.405833,19.600556,25-02-2015,73.30000000000001,224.60000000000002,381.1
-32.94583,18.33667,25-02-2015,23.5,127.9,230.50000000000003
-24.282222,28.090278,26-02-2015,126.50000000000001,161.8,390.9
-23.763056,27.908611,26-02-2015,105.0,133.4,340.09999999999997
-25.127778,27.628889,26-02-2015,113.2,163.8,354.70000000000005
-25.20639,27.558,26-02-2015,112.0,162.2,358.1
-25.73411,27.21422,26-02-2015,106.30000000000001,184.3,406.09999999999997
-27.5275,30.858056,26-02-2015,238.4,293.0,611.8000000000001
-27.363611,31.783333,26-02-2015,158.40000000000003,217.60000000000002,435.09999999999997
-30.13573889,30.67422222,26-02-2015,145.60000000000002,301.3,608.7000000000002
-28.376944,24.303056,26-02-2015,35.1,76.60000000000001,292.9
-34.329722,18.990278,26-02-2015,87.50000000000001,277.2,490.0
-24.69514,27.40906,27-02-2015,112.5,157.9,361.6
-27.573056,24.746389,27-02-2015,44.9,85.30000000000001,290.79999999999995
-27.902778,24.615556,27-02-2015,40.300000000000004,79.9,286.6
-28.058889,30.373611,27-02-2015,102.39999999999999,176.60000000000002,420.7
-29.803611,30.516111,27-02-2015,111.20000000000002,206.3,483.40000000000003
-29.140556,31.391944,03-03-2015,316.1,490.90000000000003,1019.5
-26.03611,30.99778,03-03-2015,246.9,317.70000000000005,652.6
-28.801278,31.955389,03-03-2015,264.2,519.3,989.8000000000001
-26.970278,27.211111,03-03-2015,80.0,147.0,339.3
-27.671111,27.236944,03-03-2015,63.5,124.2,319.90000000000003
-34.031944,22.053333,03-03-2015,80.7,223.2,395.2
-34.039722,22.133333,03-03-2015,85.10000000000001,235.50000000000003,415.7
-25.45963889,28.26430556,03-03-2015,129.5,176.8,381.90000000000003
-27.01011111,26.69808333,04-03-2015,69.2,133.0,328.9
-25.81048333,27.90955222,04-03-2015,117.4,165.10000000000002,387.59999999999997
-29.641944,30.6875,04-03-2015,83.1,190.60000000000002,467.40000000000003
-28.747778,31.745833,04-03-2015,303.0,529.8000000000001,1006.3000000000002
-26.648056,27.089444,04-03-2015,82.7,155.29999999999998,348.90000000000003
-26.880278,26.965,04-03-2015,76.5,146.0,338.1
-26.98472222,26.63227778,04-03-2015,69.30000000000001,134.2,333.1
-27.398611,26.614722,04-03-2015,66.3,126.7,329.40000000000003
-27.671111,27.236944,04-03-2015,63.5,124.2,319.90000000000003
-34.02861,22.22222,04-03-2015,96.5,260.0,451.3
-27.4,26.624722,04-03-2015,66.3,126.7,329.40000000000003
-29.380556,30.2775,05-03-2015,94.0,169.6,426.3
-26.73806,27.59194,05-03-2015,93.1,159.6,354.09999999999997
-26.45,28.085833,05-03-2015,111.8,176.0,385.0
-34.005833,22.351111,05-03-2015,118.80000000000001,302.09999999999997,516.1
-29.744167,29.905833,06-03-2015,122.70000000000002,195.50000000000003,462.40000000000003
-27.00222,28.76528,06-03-2015,117.10000000000002,192.8,406.8
-27.02314,28.59389,06-03-2015,117.20000000000002,195.3,408.49999999999994
-34.250556,20.9925,17-02-2011,87.6,213.1,404.70000000000005
-22.43772222,31.07805556,09-03-2015,95.60000000000001,116.20000000000002,292.0
-24.99328,30.81444,09-03-2015,220.3,288.6,648.5000000000001
-28.735556,29.820556,09-03-2015,67.8,127.8,349.9
-26.970278,27.211111,09-03-2015,80.0,147.0,339.3
-26.880278,26.965,09-03-2015,76.5,146.0,338.1
-26.510278,28.351389,09-03-2015,118.7,183.39999999999998,389.8
-26.73806,27.59194,09-03-2015,93.1,159.6,354.09999999999997
-26.45,28.085833,09-03-2015,111.8,176.0,385.0
-26.98472222,26.63227778,09-03-2015,69.30000000000001,134.2,333.1
-29.160278,26.573333,09-03-2015,47.400000000000006,101.30000000000001,316.50000000000006
-27.01011111,26.69808333,10-03-2015,69.2,133.0,328.9
-25.20639,27.558,10-03-2015,112.0,162.2,358.1
-26.861111,28.884722,10-03-2015,119.20000000000002,189.20000000000002,398.00000000000006
-26.648056,27.089444,10-03-2015,82.7,155.29999999999998,348.90000000000003
-27.802778,28.768333,10-03-2015,93.50000000000001,170.8,388.70000000000005
-26.98472222,26.63227778,10-03-2015,69.30000000000001,134.2,333.1
-28.141944,26.417778,10-03-2015,50.599999999999994,103.5,300.9000000000001
-34.250556,20.9925,21-08-2013,102.10000000000001,252.90000000000003,420.40000000000003
-28.1175,26.719444,10-03-2015,52.9,104.70000000000002,301.8
-28.69485,28.23487,10-03-2015,70.2,151.7,402.1000000000001
-29.615556,27.065278,10-03-2015,57.10000000000001,120.30000000000001,375.9
-28.883333,27.89,10-03-2015,64.8,139.2,387.1000000000001
-34.250556,20.9925,15-04-2014,67.6,149.7,371.70000000000005
-34.250556,20.9925,20-05-2014,67.6,149.7,371.70000000000005
-34.250556,20.9925,19-06-2014,67.6,149.7,371.70000000000005
-34.250556,20.9925,15-07-2014,79.2,141.3,336.6
-34.250556,20.9925,25-09-2014,79.2,141.3,336.6
-31.396,29.2651,10-03-2015,181.50000000000003,330.70000000000005,648.5
-31.554722,29.245556,10-03-2015,197.60000000000002,351.00000000000006,700.8000000000001
-28.338333,31.373611,10-03-2015,251.10000000000002,339.40000000000003,685.8
-28.068333,31.55,10-03-2015,211.70000000000002,295.0,589.1000000000001
-29.161667,23.696389,11-03-2015,24.000000000000004,62.7,263.20000000000005
-24.282222,28.090278,11-03-2015,126.50000000000001,161.8,390.9
-22.769722,30.886944,11-03-2015,118.4,152.0,386.1
-28.44555556,32.325,11-03-2015,234.40000000000003,492.90000000000003,898.5
-27.00222,28.76528,11-03-2015,117.10000000000002,192.8,406.8
-27.02314,28.59389,11-03-2015,117.20000000000002,195.3,408.49999999999994
-27.273889,28.49,11-03-2015,117.30000000000001,202.6,430.9000000000001
-27.4275,28.525833,11-03-2015,107.60000000000001,191.5,413.9000000000001
-27.3,28.586944,11-03-2015,114.1,197.20000000000002,419.80000000000007
-28.141944,26.417778,11-03-2015,50.599999999999994,103.5,300.9000000000001
-28.1175,26.719444,11-03-2015,52.9,104.70000000000002,301.8
-28.116667,26.725278,11-03-2015,52.9,104.70000000000002,301.8
-27.671111,27.236944,11-03-2015,63.5,124.2,319.90000000000003
-34.092222,21.295278,29-11-2011,85.0,164.3,401.20000000000005
-34.092222,21.295278,18-04-2012,98.10000000000001,236.1,416.20000000000005
-30.160091,27.40124,11-03-2015,73.2,141.6,409.9
-34.092222,21.295278,12-06-2012,98.10000000000001,236.1,416.20000000000005
-30.336111,27.359444,11-03-2015,78.10000000000001,152.3,424.69999999999993
-30.568333,29.422778,11-03-2015,131.4,208.70000000000002,468.59999999999997
-30.570833,29.150556,11-03-2015,122.70000000000002,196.40000000000003,442.8
-31.104278,29.399722,11-03-2015,167.3,292.6,590.3
-30.830556,26.921389,12-03-2015,67.0,143.9,403.2
-24.670833,28.560833,12-03-2015,151.1,179.8,375.50000000000006
-28.75,30.442778,12-03-2015,64.1,124.0,318.1
-29.161667,30.629722,12-03-2015,83.6,172.0,446.80000000000007
-26.619444,27.980833,12-03-2015,103.5,168.3,369.6000000000001
-34.092222,21.295278,05-11-2013,112.4,261.40000000000003,413.49999999999994
-27.38972222,26.46388889,12-03-2015,62.900000000000006,121.9,326.6
-34.092222,21.295278,07-01-2014,73.80000000000001,185.6,447.0000000000001
-28.1175,26.719444,12-03-2015,52.9,104.70000000000002,301.8
-27.398611,26.614722,12-03-2015,66.3,126.7,329.40000000000003
-29.160278,26.573333,12-03-2015,47.400000000000006,101.30000000000001,316.50000000000006
-31.000833,26.353056,12-03-2015,44.5,124.1,377.1000000000001
-30.679722,26.7125,12-03-2015,61.00000000000001,133.4,388.1
-31.031389,28.883333,12-03-2015,138.70000000000002,224.1,488.2000000000001
-30.86013889,29.07125,12-03-2015,133.60000000000002,218.8,476.1000000000001
-30.77586667,29.03221667,12-03-2015,127.4,210.8,463.90000000000003
-34.250556,20.9925,12-03-2015,79.6,212.0,343.9000000000001
-28.308889,31.9025,12-03-2015,230.8,398.7000000000001,738.1000000000001
-27.4,26.624722,12-03-2015,66.3,126.7,329.40000000000003
-28.116667,26.725278,13-03-2015,52.9,104.70000000000002,301.8
-27.573056,24.746389,13-03-2015,44.9,85.30000000000001,290.79999999999995
-27.902778,24.615556,13-03-2015,40.300000000000004,79.9,286.6
-29.987778,29.851667,14-03-2015,133.4,213.0,491.1
-25.99136,27.84208,16-03-2015,117.6,173.9,404.3
-26.45,28.085833,16-03-2015,111.8,176.0,385.0
-32.502778,19.535833,16-03-2015,13.0,95.5,173.20000000000002
-22.225556,29.990556,17-03-2015,77.9,101.8,252.5
-24.183889,30.823889,17-03-2015,124.0,152.8,361.20000000000005
-26.861111,28.884722,17-03-2015,119.20000000000002,189.20000000000002,398.00000000000006
-27.802778,28.768333,17-03-2015,93.50000000000001,170.8,388.70000000000005
-34.075556,20.145556,17-03-2015,58.400000000000006,174.79999999999998,281.09999999999997
-32.595833,19.009444,17-03-2015,18.900000000000002,127.1,222.40000000000003
-25.45963889,28.26430556,17-03-2015,129.5,176.8,381.90000000000003
-25.81048333,27.90955222,18-03-2015,117.4,165.10000000000002,387.59999999999997
-29.641944,30.6875,18-03-2015,83.1,190.60000000000002,467.40000000000003
-26.905,32.324722,18-03-2015,138.1,187.8,424.2
-29.758889,30.935278,18-03-2015,165.70000000000002,318.1,708.0000000000001
-27.00222,28.76528,18-03-2015,117.10000000000002,192.8,406.8
-26.619444,27.980833,18-03-2015,103.5,168.3,369.6000000000001
-33.13083,18.86278,18-03-2015,31.6,161.6,291.3
-27.01011111,26.69808333,19-03-2015,69.2,133.0,328.9
-23.658056,31.05,19-03-2015,105.1,135.0,310.2
-24.058889,31.237222,19-03-2015,120.30000000000001,155.1,337.40000000000003
-27.363611,31.783333,19-03-2015,158.40000000000003,217.60000000000002,435.09999999999997
-26.648056,27.089444,19-03-2015,82.7,155.29999999999998,348.90000000000003
-26.970278,27.211111,19-03-2015,80.0,147.0,339.3
-26.880278,26.965,19-03-2015,76.5,146.0,338.1
-27.4275,28.525833,19-03-2015,107.60000000000001,191.5,413.9000000000001
-26.98472222,26.63227778,19-03-2015,69.30000000000001,134.2,333.1
-24.679167,30.8025,20-03-2015,212.40000000000003,275.1,655.7000000000002
-29.744167,29.905833,20-03-2015,122.70000000000002,195.50000000000003,462.40000000000003
-28.96362,19.15486,21-03-2015,1.4000000000000001,12.400000000000002,58.2
-25.49037,30.6986,23-03-2015,197.3,251.3,525.6000000000001
-29.744167,29.905833,23-03-2015,122.70000000000002,195.50000000000003,462.40000000000003
-26.970278,27.211111,23-03-2015,80.0,147.0,339.3
-29.042222,24.6,23-03-2015,29.1,74.30000000000001,285.9
-29.033333,23.983333,23-03-2015,27.5,68.8,278.09999999999997
-33.501667,21.624167,23-03-2015,55.1,141.9,246.4
-33.38056,19.30167,23-03-2015,44.1,188.40000000000003,329.4000000000001
-27.01011111,26.69808333,24-03-2015,69.2,133.0,328.9
-22.935,28.004167,24-03-2015,77.5,92.0,255.60000000000008
-34.065833,20.404167,24-03-2015,56.599999999999994,167.70000000000005,270.6000000000001
-23.763056,27.908611,24-03-2015,105.0,133.4,340.09999999999997
-23.23572222,27.717,24-03-2015,80.30000000000001,102.0,269.59999999999997
-25.127778,27.628889,24-03-2015,113.2,163.8,354.70000000000005
-25.20639,27.558,24-03-2015,112.0,162.2,358.1
-24.69514,27.40906,24-03-2015,112.5,157.9,361.6
-25.681111,31.783333,24-03-2015,153.7,192.39999999999998,403.79999999999995
-25.67386,31.57527,24-03-2015,166.70000000000002,210.8,434.00000000000006
-30.733889,29.828333,24-03-2015,166.70000000000002,271.50000000000006,562.2
-29.987778,29.851667,24-03-2015,133.4,213.0,491.1
-26.648056,27.089444,24-03-2015,82.7,155.29999999999998,348.90000000000003
-26.880278,26.965,24-03-2015,76.5,146.0,338.1
-26.73806,27.59194,24-03-2015,93.1,159.6,354.09999999999997
-26.45,28.085833,24-03-2015,111.8,176.0,385.0
-27.273889,28.49,24-03-2015,117.30000000000001,202.6,430.9000000000001
-27.3,28.586944,24-03-2015,114.1,197.20000000000002,419.80000000000007
-26.98472222,26.63227778,24-03-2015,69.30000000000001,134.2,333.1
-29.028629,24.638389,24-03-2015,30.0,75.9,289.1
-33.31388889,19.07472222,24-03-2015,40.6,190.40000000000003,336.7
-22.225556,29.990556,25-03-2015,77.9,101.8,252.5
-25.436111,31.982222,25-03-2015,139.9,179.20000000000005,401.6
-22.548889,28.898056,25-03-2015,74.2,90.30000000000001,247.10000000000002
-22.91028,29.61111,25-03-2015,105.9,126.7,319.0
-25.362222,31.956667,25-03-2015,137.5,177.1,392.20000000000005
-25.14944444,31.94055556,25-03-2015,130.7,170.90000000000003,380.40000000000003
-28.404444,30.013056,25-03-2015,72.3,139.8,360.00000000000006
-30.398056,30.601944,25-03-2015,179.4,353.6,678.3
-27.169444,29.233889,25-03-2015,114.5,184.3,385.4
-26.861111,28.884722,25-03-2015,119.20000000000002,189.20000000000002,398.00000000000006
-27.00222,28.76528,25-03-2015,117.10000000000002,192.8,406.8
-27.4275,28.525833,25-03-2015,107.60000000000001,191.5,413.9000000000001
-34.405833,19.600556,25-03-2015,73.30000000000001,224.60000000000002,381.1
-32.94583,18.33667,25-03-2015,23.5,127.9,230.50000000000003
-25.57877778,29.12747222,25-03-2015,154.2,197.7,421.29999999999995
-26.03611,30.99778,26-03-2015,246.9,317.70000000000005,652.6
-27.937778,31.209444,26-03-2015,214.9,273.0,578.1999999999999
-30.13573889,30.67422222,26-03-2015,145.60000000000002,301.3,608.7000000000002
-26.619444,27.980833,26-03-2015,103.5,168.3,369.6000000000001
-28.376944,24.303056,26-03-2015,35.1,76.60000000000001,292.9
-34.329722,18.990278,26-03-2015,87.50000000000001,277.2,490.0
-33.897778,20.012778,26-03-2015,53.9,168.70000000000002,275.1
-27.573056,24.746389,27-03-2015,44.9,85.30000000000001,290.79999999999995
-27.902778,24.615556,27-03-2015,40.300000000000004,79.9,286.6
-29.803611,30.516111,27-03-2015,111.20000000000002,206.3,483.40000000000003
-25.99136,27.84208,30-03-2015,117.6,173.9,404.3
-29.380556,30.2775,30-03-2015,94.0,169.6,426.3
-29.140556,31.391944,31-03-2015,316.1,490.90000000000003,1019.5
-28.801278,31.955389,31-03-2015,264.2,519.3,989.8000000000001
-26.45,28.085833,31-03-2015,111.8,176.0,385.0
-25.45963889,28.26430556,31-03-2015,129.5,176.8,381.90000000000003
-34.031944,22.053333,04-12-2014,99.10000000000001,160.89999999999998,342.9
-29.161667,23.696389,01-04-2015,24.000000000000004,62.7,263.20000000000005
-25.81048333,27.90955222,01-04-2015,117.4,165.10000000000002,387.59999999999997
-28.747778,31.745833,01-04-2015,303.0,529.8000000000001,1006.3000000000002
-26.861111,28.884722,01-04-2015,119.20000000000002,189.20000000000002,398.00000000000006
-27.00222,28.76528,01-04-2015,117.10000000000002,192.8,406.8
-29.033333,23.983333,01-04-2015,27.5,68.8,278.09999999999997
-29.744167,29.905833,02-04-2015,122.70000000000002,195.50000000000003,462.40000000000003
-28.96362,19.15486,04-04-2015,1.4000000000000001,12.400000000000002,58.2
-34.039722,22.133333,19-01-2011,91.80000000000001,221.49999999999997,431.8
-25.127778,27.628889,07-04-2015,113.2,163.8,354.70000000000005
-25.20639,27.558,07-04-2015,112.0,162.2,358.1
-24.69514,27.40906,07-04-2015,112.5,157.9,361.6
-24.99328,30.81444,07-04-2015,220.3,288.6,648.5000000000001
-28.735556,29.820556,07-04-2015,67.8,127.8,349.9
-26.73806,27.59194,07-04-2015,93.1,159.6,354.09999999999997
-27.398611,26.614722,07-04-2015,66.3,126.7,329.40000000000003
-27.671111,27.236944,07-04-2015,63.5,124.2,319.90000000000003
-31.396,29.2651,07-04-2015,181.50000000000003,330.70000000000005,648.5
-31.554722,29.245556,07-04-2015,197.60000000000002,351.00000000000006,700.8000000000001
-28.338333,31.373611,07-04-2015,251.10000000000002,339.40000000000003,685.8
-28.068333,31.55,07-04-2015,211.70000000000002,295.0,589.1000000000001
-25.73411,27.21422,08-04-2015,106.30000000000001,184.3,406.09999999999997
-27.169444,29.233889,08-04-2015,114.5,184.3,385.4
-26.861111,28.884722,08-04-2015,119.20000000000002,189.20000000000002,398.00000000000006
-26.98472222,26.63227778,08-04-2015,69.30000000000001,134.2,333.1
-27.398611,26.614722,08-04-2015,66.3,126.7,329.40000000000003
-30.568333,29.422778,08-04-2015,131.4,208.70000000000002,468.59999999999997
-30.570833,29.150556,08-04-2015,122.70000000000002,196.40000000000003,442.8
-31.104278,29.399722,08-04-2015,167.3,292.6,590.3
-34.031944,22.053333,08-04-2015,80.7,223.2,395.2
-27.4,26.624722,08-04-2015,66.3,126.7,329.40000000000003
-27.01011111,26.69808333,09-04-2015,69.2,133.0,328.9
-24.768889,31.39,09-04-2015,151.3,198.8,440.5
-28.44555556,32.325,04-06-2015,234.40000000000003,492.90000000000003,898.5
-27.602222,29.942778,09-04-2015,124.80000000000001,185.60000000000002,414.00000000000006
-28.75,30.442778,09-04-2015,64.1,124.0,318.1
-29.161667,30.629722,09-04-2015,83.6,172.0,446.80000000000007
-26.648056,27.089444,09-04-2015,82.7,155.29999999999998,348.90000000000003
-26.970278,27.211111,09-04-2015,80.0,147.0,339.3
-26.880278,26.965,09-04-2015,76.5,146.0,338.1
-28.376944,24.303056,09-04-2015,35.1,76.60000000000001,292.9
-29.1825,23.575556,09-04-2015,23.4,63.300000000000004,258.6
-31.031389,28.883333,09-04-2015,138.70000000000002,224.1,488.2000000000001
-30.86013889,29.07125,09-04-2015,133.60000000000002,218.8,476.1000000000001
-30.77586667,29.03221667,09-04-2015,127.4,210.8,463.90000000000003
-28.308889,31.9025,09-04-2015,230.8,398.7000000000001,738.1000000000001
-27.671111,27.236944,10-04-2015,63.5,124.2,319.90000000000003
-27.573056,24.746389,10-04-2015,44.9,85.30000000000001,290.79999999999995
-34.039722,22.133333,08-04-2015,85.10000000000001,235.50000000000003,415.7
-27.902778,24.615556,10-04-2015,40.300000000000004,79.9,286.6
-34.02861,22.22222,10-04-2015,96.5,260.0,451.3
-24.679167,30.8025,13-04-2015,212.40000000000003,275.1,655.7000000000002
-25.99136,27.84208,13-04-2015,117.6,173.9,404.3
-34.02861,22.22222,20-01-2011,103.7,243.3,463.2
-34.02861,22.22222,17-03-2011,103.7,243.3,463.2
-34.02861,22.22222,19-04-2011,103.7,243.3,463.2
-34.02861,22.22222,19-05-2011,103.7,243.3,463.2
-34.02861,22.22222,14-06-2011,103.7,243.3,463.2
-26.970278,27.211111,13-04-2015,80.0,147.0,339.3
-26.45,28.085833,13-04-2015,111.8,176.0,385.0
-34.02861,22.22222,12-10-2011,100.6,186.8,460.20000000000005
-28.1175,26.719444,13-04-2015,52.9,104.70000000000002,301.8
-28.116667,26.725278,13-04-2015,52.9,104.70000000000002,301.8
-33.818056,19.694722,13-04-2015,56.800000000000004,200.8,338.30000000000007
-27.01011111,26.69808333,14-04-2015,69.2,133.0,328.9
-34.02861,22.22222,24-04-2012,113.00000000000001,259.8,458.90000000000003
-34.02861,22.22222,26-06-2012,113.00000000000001,259.8,458.90000000000003
-24.058889,31.237222,14-04-2015,120.30000000000001,155.1,337.40000000000003
-25.681111,31.783333,14-04-2015,153.7,192.39999999999998,403.79999999999995
-34.02861,22.22222,11-10-2012,70.4,206.00000000000003,471.9
-25.362222,31.956667,14-04-2015,137.5,177.1,392.20000000000005
-34.02861,22.22222,06-12-2012,70.4,206.00000000000003,471.9
-34.02861,22.22222,07-01-2013,72.9,147.10000000000002,353.09999999999997
-25.398889,31.610556,14-04-2015,151.4,192.90000000000003,406.1
-34.02861,22.22222,06-02-2013,153.70000000000002,249.00000000000003,403.70000000000005
-34.02861,22.22222,07-03-2013,153.70000000000002,249.00000000000003,403.70000000000005
-26.861111,28.884722,14-04-2015,119.20000000000002,189.20000000000002,398.00000000000006
-26.648056,27.089444,14-04-2015,82.7,155.29999999999998,348.90000000000003
-34.02861,22.22222,05-06-2013,153.70000000000002,249.00000000000003,403.70000000000005
-34.02861,22.22222,03-07-2013,153.70000000000002,249.00000000000003,403.70000000000005
-26.98472222,26.63227778,14-04-2015,69.30000000000001,134.2,333.1
-27.935,26.126667,14-04-2015,48.1,103.10000000000001,291.2
-28.141944,26.417778,14-04-2015,50.599999999999994,103.5,300.9000000000001
-28.1175,26.719444,14-04-2015,52.9,104.70000000000002,301.8
-34.02861,22.22222,13-12-2013,142.40000000000003,300.40000000000003,447.5
-29.160278,26.573333,14-04-2015,47.400000000000006,101.30000000000001,316.50000000000006
-28.69485,28.23487,14-04-2015,70.2,151.7,402.1000000000001
-28.883333,27.89,14-04-2015,64.8,139.2,387.1000000000001
-34.02861,22.22222,03-04-2014,103.19999999999999,183.3,439.00000000000006
-34.02861,22.22222,08-05-2014,103.19999999999999,183.3,439.00000000000006
-34.02861,22.22222,04-06-2014,103.19999999999999,183.3,439.00000000000006
-34.075556,20.145556,14-04-2015,58.400000000000006,174.79999999999998,281.09999999999997
-32.595833,19.009444,14-04-2015,18.900000000000002,127.1,222.40000000000003
-25.45963889,28.26430556,14-04-2015,129.5,176.8,381.90000000000003
-34.02861,22.22222,12-01-2015,96.5,260.0,451.3
-34.02861,22.22222,29-01-2015,96.5,260.0,451.3
-25.81048333,27.90955222,15-04-2015,117.4,165.10000000000002,387.59999999999997
-22.935,28.004167,15-04-2015,77.5,92.0,255.60000000000008
-29.641944,30.6875,15-04-2015,83.1,190.60000000000002,467.40000000000003
-23.23572222,27.717,15-04-2015,80.30000000000001,102.0,269.59999999999997
-22.548889,28.898056,15-04-2015,74.2,90.30000000000001,247.10000000000002
-22.91028,29.61111,15-04-2015,105.9,126.7,319.0
-22.769722,30.886944,15-04-2015,118.4,152.0,386.1
-34.02861,22.22222,04-11-2015,96.5,260.0,451.3
-25.49037,30.6986,15-04-2015,197.3,251.3,525.6000000000001
-25.513889,31.224444,15-04-2015,194.8,247.0,518.7
-27.00222,28.76528,15-04-2015,117.10000000000002,192.8,406.8
-27.38972222,26.46388889,15-04-2015,62.900000000000006,121.9,326.6
-27.398611,26.614722,15-04-2015,66.3,126.7,329.40000000000003
-30.160091,27.40124,15-04-2015,73.2,141.6,409.9
-30.336111,27.359444,15-04-2015,78.10000000000001,152.3,424.69999999999993
-29.615556,27.065278,15-04-2015,57.10000000000001,120.30000000000001,375.9
-34.092222,21.295278,15-04-2015,85.80000000000001,217.90000000000003,355.3
-25.447222,30.711667,15-04-2015,192.20000000000002,244.8,513.1
-29.641944,30.6875,16-04-2015,83.1,190.60000000000002,467.40000000000003
-30.830556,26.921389,16-04-2015,67.0,143.9,403.2
-24.282222,28.090278,16-04-2015,126.50000000000001,161.8,390.9
-23.763056,27.908611,16-04-2015,105.0,133.4,340.09999999999997
-27.671111,27.236944,16-04-2015,63.5,124.2,319.90000000000003
-31.000833,26.353056,16-04-2015,44.5,124.1,377.1000000000001
-30.679722,26.7125,16-04-2015,61.00000000000001,133.4,388.1
-34.405833,19.600556,13-02-2013,74.2,320.7,584.1
-34.405833,19.600556,13-03-2013,74.2,320.7,584.1
-34.405833,19.600556,10-04-2013,74.2,320.7,584.1
-34.405833,19.600556,08-05-2013,74.2,320.7,584.1
-34.250556,20.9925,16-04-2015,79.6,212.0,343.9000000000001
-33.13083,18.86278,16-04-2015,31.6,161.6,291.3
-29.744167,29.905833,17-04-2015,122.70000000000002,195.50000000000003,462.40000000000003
-29.658056,25.973333,17-04-2015,31.6,86.10000000000001,288.8
-34.405833,19.600556,25-09-2013,91.10000000000001,336.0,612.8
-29.7775,29.470833,20-04-2015,129.8,203.20000000000002,521.8
-29.987778,29.851667,20-04-2015,133.4,213.0,491.1
-29.744167,29.905833,20-04-2015,122.70000000000002,195.50000000000003,462.40000000000003
-34.405833,19.600556,12-02-2014,53.7,232.6,511.59999999999997
-34.405833,19.600556,12-03-2014,53.7,232.6,511.59999999999997
-33.38056,19.30167,20-04-2015,44.1,188.40000000000003,329.4000000000001
-28.760833,17.730278,21-04-2015,3.3000000000000003,16.700000000000003,42.0
-34.065833,20.404167,21-04-2015,56.599999999999994,167.70000000000005,270.6000000000001
-25.127778,27.628889,21-04-2015,113.2,163.8,354.70000000000005
-25.20639,27.558,21-04-2015,112.0,162.2,358.1
-24.39619444,27.08983333,21-04-2015,98.80000000000001,140.0,336.80000000000007
-24.69514,27.40906,21-04-2015,112.5,157.9,361.6
-26.03611,30.99778,21-04-2015,246.9,317.70000000000005,652.6
-27.937778,31.209444,21-04-2015,214.9,273.0,578.1999999999999
-30.733889,29.828333,21-04-2015,166.70000000000002,271.50000000000006,562.2
-26.98472222,26.63227778,21-04-2015,69.30000000000001,134.2,333.1
-33.31388889,19.07472222,21-04-2015,40.6,190.40000000000003,336.7
-27.01011111,26.69808333,22-04-2015,69.2,133.0,328.9
-28.404444,30.013056,22-04-2015,72.3,139.8,360.00000000000006
-30.398056,30.601944,22-04-2015,179.4,353.6,678.3
-34.329722,18.990278,06-07-2011,112.7,284.3,556.8
-26.648056,27.089444,22-04-2015,82.7,155.29999999999998,348.90000000000003
-34.329722,18.990278,28-09-2011,92.2,239.10000000000002,550.7
-34.329722,18.990278,25-10-2011,92.2,239.10000000000002,550.7
-34.329722,18.990278,24-11-2011,92.2,239.10000000000002,550.7
-34.329722,18.990278,22-12-2011,92.2,239.10000000000002,550.7
-26.970278,27.211111,22-04-2015,80.0,147.0,339.3
-26.880278,26.965,22-04-2015,76.5,146.0,338.1
-34.329722,18.990278,04-04-2012,102.3,423.70000000000005,696.6
-34.329722,18.990278,03-05-2012,102.3,423.70000000000005,696.6
-34.329722,18.990278,24-05-2012,102.3,423.70000000000005,696.6
-34.329722,18.990278,19-07-2012,51.900000000000006,327.70000000000005,715.5000000000001
-34.329722,18.990278,16-08-2012,51.900000000000006,327.70000000000005,715.5000000000001
-34.405833,19.600556,22-04-2015,73.30000000000001,224.60000000000002,381.1
-34.329722,18.990278,11-10-2012,51.900000000000006,327.70000000000005,715.5000000000001
-33.7075,18.97444444,22-04-2015,58.7,241.0,439.20000000000005
-28.058889,30.373611,22-04-2015,102.39999999999999,176.60000000000002,420.7
-25.57877778,29.12747222,22-04-2015,154.2,197.7,421.29999999999995
-27.5275,30.858056,23-04-2015,238.4,293.0,611.8000000000001
-30.13573889,30.67422222,23-04-2015,145.60000000000002,301.3,608.7000000000002
-34.329722,18.990278,11-04-2013,83.7,452.5,798.7
-34.329722,18.990278,09-05-2013,83.7,452.5,798.7
-34.329722,18.990278,06-06-2013,83.7,452.5,798.7
-28.376944,24.303056,23-04-2015,35.1,76.60000000000001,292.9
-34.329722,18.990278,01-08-2013,91.0,452.3,826.6000000000001
-34.329722,18.990278,29-08-2013,91.0,452.3,826.6000000000001
-34.329722,18.990278,26-09-2013,91.0,452.3,826.6000000000001
-34.329722,18.990278,23-04-2015,87.50000000000001,277.2,490.0
-34.329722,18.990278,23-01-2014,64.10000000000001,341.00000000000006,689.5
-32.94583,18.33667,23-04-2015,23.5,127.9,230.50000000000003
-33.897778,20.012778,23-04-2015,53.9,168.70000000000002,275.1
-27.573056,24.746389,24-04-2015,44.9,85.30000000000001,290.79999999999995
-27.902778,24.615556,24-04-2015,40.300000000000004,79.9,286.6
-33.870833,20.003333,27-04-2015,52.50000000000001,167.6,273.7
-29.140556,31.391944,28-04-2015,316.1,490.90000000000003,1019.5
-25.99136,27.84208,28-04-2015,117.6,173.9,404.3
-28.801278,31.955389,28-04-2015,264.2,519.3,989.8000000000001
-26.970278,27.211111,28-04-2015,80.0,147.0,339.3
-26.73806,27.59194,28-04-2015,93.1,159.6,354.09999999999997
-26.45,28.085833,28-04-2015,111.8,176.0,385.0
-33.501667,21.624167,28-04-2015,55.1,141.9,246.4
-28.760833,17.730278,29-04-2015,3.3000000000000003,16.700000000000003,42.0
-34.329722,18.990278,25-06-2015,87.50000000000001,277.2,490.0
-34.329722,18.990278,23-07-2015,87.50000000000001,277.2,490.0
-34.329722,18.990278,27-08-2015,87.50000000000001,277.2,490.0
-34.329722,18.990278,01-10-2015,87.50000000000001,277.2,490.0
-28.7115,24.07288889,29-04-2015,31.3,73.80000000000001,288.2
-27.01011111,26.69808333,29-04-2015,69.2,133.0,328.9
-25.73411,27.21422,29-04-2015,106.30000000000001,184.3,406.09999999999997
-28.747778,31.745833,29-04-2015,303.0,529.8000000000001,1006.3000000000002
-26.861111,28.884722,29-04-2015,119.20000000000002,189.20000000000002,398.00000000000006
-27.00222,28.76528,29-04-2015,117.10000000000002,192.8,406.8
-26.648056,27.089444,29-04-2015,82.7,155.29999999999998,348.90000000000003
-26.880278,26.965,29-04-2015,76.5,146.0,338.1
-26.98472222,26.63227778,29-04-2015,69.30000000000001,134.2,333.1
-27.935,26.126667,29-04-2015,48.1,103.10000000000001,291.2
-28.141944,26.417778,29-04-2015,50.599999999999994,103.5,300.9000000000001
-28.1175,26.719444,29-04-2015,52.9,104.70000000000002,301.8
-29.1825,23.575556,29-04-2015,23.4,63.300000000000004,258.6
-25.45963889,28.26430556,29-04-2015,129.5,176.8,381.90000000000003
-25.81048333,27.90955222,30-04-2015,117.4,165.10000000000002,387.59999999999997
-29.744167,29.905833,30-04-2015,122.70000000000002,195.50000000000003,462.40000000000003
-29.380556,30.2775,30-04-2015,94.0,169.6,426.3
-27.602222,29.942778,01-05-2015,124.80000000000001,185.60000000000002,414.00000000000006
-28.735556,29.820556,04-05-2015,67.8,127.8,349.9
-26.510278,28.351389,04-05-2015,118.7,183.39999999999998,389.8
-26.73806,27.59194,04-05-2015,93.1,159.6,354.09999999999997
-27.671111,27.236944,04-05-2015,63.5,124.2,319.90000000000003
-25.127778,27.628889,05-05-2015,113.2,163.8,354.70000000000005
-25.20639,27.558,05-05-2015,112.0,162.2,358.1
-24.69514,27.40906,05-05-2015,112.5,157.9,361.6
-27.169444,29.233889,05-05-2015,114.5,184.3,385.4
-27.802778,28.768333,05-05-2015,93.50000000000001,170.8,388.70000000000005
-27.398611,26.614722,05-05-2015,66.3,126.7,329.40000000000003
-34.031944,22.053333,05-05-2015,80.7,223.2,395.2
-34.039722,22.133333,05-05-2015,85.10000000000001,235.50000000000003,415.7
-28.338333,31.373611,05-05-2015,251.10000000000002,339.40000000000003,685.8
-28.068333,31.55,05-05-2015,211.70000000000002,295.0,589.1000000000001
-27.4,26.624722,05-05-2015,66.3,126.7,329.40000000000003
-27.01011111,26.69808333,06-05-2015,69.2,133.0,328.9
-29.641944,30.6875,06-05-2015,83.1,190.60000000000002,467.40000000000003
-24.39619444,27.08983333,06-05-2015,98.80000000000001,140.0,336.80000000000007
-28.75,30.442778,06-05-2015,64.1,124.0,318.1
-27.02314,28.59389,06-05-2015,117.20000000000002,195.3,408.49999999999994
-26.648056,27.089444,06-05-2015,82.7,155.29999999999998,348.90000000000003
-26.970278,27.211111,06-05-2015,80.0,147.0,339.3
-26.880278,26.965,06-05-2015,76.5,146.0,338.1
-27.4275,28.525833,06-05-2015,107.60000000000001,191.5,413.9000000000001
-27.3,28.586944,06-05-2015,114.1,197.20000000000002,419.80000000000007
-26.98472222,26.63227778,06-05-2015,69.30000000000001,134.2,333.1
-33.870833,20.003333,31-03-2011,61.7,165.5,330.90000000000003
-33.870833,20.003333,23-08-2011,55.699999999999996,130.6,327.8
-33.870833,20.003333,20-09-2011,55.699999999999996,130.6,327.8
-33.870833,20.003333,26-10-2011,55.699999999999996,130.6,327.8
-33.870833,20.003333,16-11-2011,55.699999999999996,130.6,327.8
-33.870833,20.003333,02-04-2012,55.1,212.70000000000002,373.5
-33.870833,20.003333,01-05-2012,55.1,212.70000000000002,373.5
-33.870833,20.003333,22-05-2012,55.1,212.70000000000002,373.5
-33.870833,20.003333,19-06-2012,55.1,212.70000000000002,373.5
-34.005833,22.351111,06-05-2015,118.80000000000001,302.09999999999997,516.1
-33.870833,20.003333,10-09-2012,38.2,163.20000000000002,381.9
-33.870833,20.003333,08-10-2012,38.2,163.20000000000002,381.9
-33.870833,20.003333,05-11-2012,38.2,163.20000000000002,381.9
-33.870833,20.003333,06-02-2013,56.400000000000006,212.10000000000002,386.6000000000001
-33.870833,20.003333,12-02-2013,56.400000000000006,212.10000000000002,386.6000000000001
-33.870833,20.003333,11-03-2013,56.400000000000006,212.10000000000002,386.6000000000001
-33.870833,20.003333,08-04-2013,56.400000000000006,212.10000000000002,386.6000000000001
-33.870833,20.003333,03-06-2013,56.400000000000006,212.10000000000002,386.6000000000001
-33.870833,20.003333,29-07-2013,66.10000000000001,222.10000000000002,408.0000000000001
-33.870833,20.003333,29-08-2013,66.10000000000001,222.10000000000002,408.0000000000001
-33.870833,20.003333,23-09-2013,66.10000000000001,222.10000000000002,408.0000000000001
-33.870833,20.003333,21-10-2013,66.10000000000001,222.10000000000002,408.0000000000001
-28.44555556,32.325,30-06-2015,234.40000000000003,492.90000000000003,898.5
-33.870833,20.003333,20-01-2014,43.300000000000004,157.1,346.49999999999994
-33.870833,20.003333,10-02-2014,43.300000000000004,157.1,346.49999999999994
-33.870833,20.003333,10-03-2014,43.300000000000004,157.1,346.49999999999994
-33.870833,20.003333,07-04-2014,43.300000000000004,157.1,346.49999999999994
-33.870833,20.003333,19-05-2014,43.300000000000004,157.1,346.49999999999994
-33.870833,20.003333,26-06-2014,43.300000000000004,157.1,346.49999999999994
-33.870833,20.003333,31-07-2014,52.800000000000004,128.1,322.99999999999994
-33.870833,20.003333,04-09-2014,52.800000000000004,128.1,322.99999999999994
-33.870833,20.003333,02-10-2014,52.800000000000004,128.1,322.99999999999994
-33.870833,20.003333,26-02-2015,52.50000000000001,167.6,273.7
-29.161667,30.629722,07-05-2015,83.6,172.0,446.80000000000007
-33.870833,20.003333,25-06-2015,52.50000000000001,167.6,273.7
-33.870833,20.003333,23-07-2015,52.50000000000001,167.6,273.7
-33.870833,20.003333,27-08-2015,52.50000000000001,167.6,273.7
-33.870833,20.003333,29-10-2015,52.50000000000001,167.6,273.7
-33.870833,20.003333,03-12-2015,52.50000000000001,167.6,273.7
-26.619444,27.980833,07-05-2015,103.5,168.3,369.6000000000001
-27.573056,24.746389,07-05-2015,44.9,85.30000000000001,290.79999999999995
-28.376944,24.303056,07-05-2015,35.1,76.60000000000001,292.9
-34.02861,22.22222,07-05-2015,96.5,260.0,451.3
-28.308889,31.9025,07-05-2015,230.8,398.7000000000001,738.1000000000001
-27.902778,24.615556,08-05-2015,40.300000000000004,79.9,286.6
-28.058889,30.373611,10-05-2015,102.39999999999999,176.60000000000002,420.7
-29.161667,23.696389,11-05-2015,24.000000000000004,62.7,263.20000000000005
-24.058889,31.237222,11-05-2015,120.30000000000001,155.1,337.40000000000003
-25.49037,30.6986,11-05-2015,197.3,251.3,525.6000000000001
-24.99328,30.81444,11-05-2015,220.3,288.6,648.5000000000001
-26.648056,27.089444,11-05-2015,82.7,155.29999999999998,348.90000000000003
-26.970278,27.211111,11-05-2015,80.0,147.0,339.3
-26.880278,26.965,11-05-2015,76.5,146.0,338.1
-29.160278,26.573333,11-05-2015,47.400000000000006,101.30000000000001,316.50000000000006
-31.396,29.2651,11-05-2015,181.50000000000003,330.70000000000005,648.5
-31.554722,29.245556,11-05-2015,197.60000000000002,351.00000000000006,700.8000000000001
-33.818056,19.694722,11-05-2015,56.800000000000004,200.8,338.30000000000007
-32.502778,19.535833,11-05-2015,13.0,95.5,173.20000000000002
-25.447222,30.711667,11-05-2015,192.20000000000002,244.8,513.1
-33.818056,19.694722,03-06-2013,57.400000000000006,278.40000000000003,497.7
-33.818056,19.694722,29-07-2013,67.1,280.3,519.9
-28.7115,24.07288889,12-05-2015,31.3,73.80000000000001,288.2
-27.01011111,26.69808333,12-05-2015,69.2,133.0,328.9
-25.81048333,27.90955222,12-05-2015,117.4,165.10000000000002,387.59999999999997
-25.99136,27.84208,12-05-2015,117.6,173.9,404.3
-25.681111,31.783333,12-05-2015,153.7,192.39999999999998,403.79999999999995
-25.67386,31.57527,12-05-2015,166.70000000000002,210.8,434.00000000000006
-25.513889,31.224444,12-05-2015,194.8,247.0,518.7
-24.768889,31.39,12-05-2015,151.3,198.8,440.5
-24.9675,31.516667,12-05-2015,140.0,183.6,397.6
-27.363611,31.783333,12-05-2015,158.40000000000003,217.60000000000002,435.09999999999997
-26.73806,27.59194,12-05-2015,93.1,159.6,354.09999999999997
-26.45,28.085833,12-05-2015,111.8,176.0,385.0
-26.98472222,26.63227778,12-05-2015,69.30000000000001,134.2,333.1
-28.69485,28.23487,12-05-2015,70.2,151.7,402.1000000000001
-29.615556,27.065278,12-05-2015,57.10000000000001,120.30000000000001,375.9
-28.883333,27.89,12-05-2015,64.8,139.2,387.1000000000001
-29.1825,23.575556,12-05-2015,23.4,63.300000000000004,258.6
-30.570833,29.150556,12-05-2015,122.70000000000002,196.40000000000003,442.8
-31.104278,29.399722,12-05-2015,167.3,292.6,590.3
-34.075556,20.145556,12-05-2015,58.400000000000006,174.79999999999998,281.09999999999997
-32.595833,19.009444,12-05-2015,18.900000000000002,127.1,222.40000000000003
-34.075556,20.145556,26-01-2011,68.0,176.10000000000002,344.5
-34.075556,20.145556,23-02-2011,68.0,176.10000000000002,344.5
-25.436111,31.982222,13-05-2015,139.9,179.20000000000005,401.6
-25.362222,31.956667,13-05-2015,137.5,177.1,392.20000000000005
-34.075556,20.145556,28-06-2011,68.0,176.10000000000002,344.5
-25.398889,31.610556,13-05-2015,151.4,192.90000000000003,406.1
-25.14944444,31.94055556,13-05-2015,130.7,170.90000000000003,380.40000000000003
-26.861111,28.884722,13-05-2015,119.20000000000002,189.20000000000002,398.00000000000006
-27.273889,28.49,13-05-2015,117.30000000000001,202.6,430.9000000000001
-27.802778,28.768333,13-05-2015,93.50000000000001,170.8,388.70000000000005
-27.935,26.126667,13-05-2015,48.1,103.10000000000001,291.2
-30.160091,27.40124,13-05-2015,73.2,141.6,409.9
-30.336111,27.359444,13-05-2015,78.10000000000001,152.3,424.69999999999993
-30.568333,29.422778,13-05-2015,131.4,208.70000000000002,468.59999999999997
-31.031389,28.883333,13-05-2015,138.70000000000002,224.1,488.2000000000001
-30.86013889,29.07125,13-05-2015,133.60000000000002,218.8,476.1000000000001
-30.77586667,29.03221667,13-05-2015,127.4,210.8,463.90000000000003
-33.38056,19.30167,13-05-2015,44.1,188.40000000000003,329.4000000000001
-33.08883333,19.21878333,13-05-2015,33.3,150.8,264.9
-25.45963889,28.26430556,13-05-2015,129.5,176.8,381.90000000000003
-29.641944,30.6875,14-05-2015,83.1,190.60000000000002,467.40000000000003
-30.830556,26.921389,14-05-2015,67.0,143.9,403.2
-24.282222,28.090278,14-05-2015,126.50000000000001,161.8,390.9
-23.658056,31.05,14-05-2015,105.1,135.0,310.2
-27.273889,28.49,14-05-2015,117.30000000000001,202.6,430.9000000000001
-31.000833,26.353056,14-05-2015,44.5,124.1,377.1000000000001
-30.534167,24.961944,14-05-2015,23.1,83.9,285.1
-33.7075,18.97444444,14-05-2015,58.7,241.0,439.20000000000005
-29.744167,29.905833,15-05-2015,122.70000000000002,195.50000000000003,462.40000000000003
-29.7775,29.470833,18-05-2015,129.8,203.20000000000002,521.8
-29.744167,29.905833,18-05-2015,122.70000000000002,195.50000000000003,462.40000000000003
-34.065833,20.404167,19-05-2015,56.599999999999994,167.70000000000005,270.6000000000001
-34.075556,20.145556,23-09-2013,77.2,236.2,424.9
-24.679167,30.8025,19-05-2015,212.40000000000003,275.1,655.7000000000002
-25.127778,27.628889,19-05-2015,113.2,163.8,354.70000000000005
-25.20639,27.558,19-05-2015,112.0,162.2,358.1
-24.39619444,27.08983333,19-05-2015,98.80000000000001,140.0,336.80000000000007
-24.69514,27.40906,19-05-2015,112.5,157.9,361.6
-30.733889,29.828333,19-05-2015,166.70000000000002,271.50000000000006,562.2
-29.987778,29.851667,19-05-2015,133.4,213.0,491.1
-27.02314,28.59389,19-05-2015,117.20000000000002,195.3,408.49999999999994
-28.141944,26.417778,19-05-2015,50.599999999999994,103.5,300.9000000000001
-28.1175,26.719444,19-05-2015,52.9,104.70000000000002,301.8
-34.092222,21.295278,19-05-2015,85.80000000000001,217.90000000000003,355.3
-33.31388889,19.07472222,19-05-2015,40.6,190.40000000000003,336.7
-29.161667,23.696389,20-05-2015,24.000000000000004,62.7,263.20000000000005
-22.225556,29.990556,20-05-2015,77.9,101.8,252.5
-24.183889,30.823889,20-05-2015,124.0,152.8,361.20000000000005
-24.058889,31.237222,20-05-2015,120.30000000000001,155.1,337.40000000000003
-26.03611,30.99778,20-05-2015,246.9,317.70000000000005,652.6
-34.075556,20.145556,09-06-2015,58.400000000000006,174.79999999999998,281.09999999999997
-27.937778,31.209444,20-05-2015,214.9,273.0,578.1999999999999
-28.404444,30.013056,20-05-2015,72.3,139.8,360.00000000000006
-32.595833,19.009444,17-03-2011,32.8,102.60000000000001,242.20000000000002
-32.595833,19.009444,13-04-2011,32.8,102.60000000000001,242.20000000000002
-26.880278,26.965,20-05-2015,76.5,146.0,338.1
-32.595833,19.009444,14-06-2011,32.8,102.60000000000001,242.20000000000002
-32.595833,19.009444,15-07-2011,25.400000000000002,84.7,240.00000000000003
-32.595833,19.009444,11-08-2011,25.400000000000002,84.7,240.00000000000003
-32.595833,19.009444,05-10-2011,25.400000000000002,84.7,240.00000000000003
-28.96362,19.15486,20-05-2015,1.4000000000000001,12.400000000000002,58.2
-34.405833,19.600556,20-05-2015,73.30000000000001,224.60000000000002,381.1
-33.13083,18.86278,20-05-2015,31.6,161.6,291.3
-27.5275,30.858056,21-05-2015,238.4,293.0,611.8000000000001
-30.13573889,30.67422222,21-05-2015,145.60000000000002,301.3,608.7000000000002
-32.595833,19.009444,10-04-2012,39.1,170.70000000000005,299.7
-32.595833,19.009444,08-05-2012,39.1,170.70000000000005,299.7
-27.38972222,26.46388889,21-05-2015,62.900000000000006,121.9,326.6
-32.595833,19.009444,24-07-2012,30.0,136.4,300.79999999999995
-32.595833,19.009444,22-08-2012,30.0,136.4,300.79999999999995
-27.398611,26.614722,21-05-2015,66.3,126.7,329.40000000000003
-28.376944,24.303056,21-05-2015,35.1,76.60000000000001,292.9
-34.250556,20.9925,21-05-2015,79.6,212.0,343.9000000000001
-34.329722,18.990278,21-05-2015,87.50000000000001,277.2,490.0
-32.94583,18.33667,21-05-2015,23.5,127.9,230.50000000000003
-27.4,26.624722,21-05-2015,66.3,126.7,329.40000000000003
-27.902778,24.615556,22-05-2015,40.300000000000004,79.9,286.6
-29.803611,30.516111,22-05-2015,111.20000000000002,206.3,483.40000000000003
-33.501667,21.624167,23-05-2015,55.1,141.9,246.4
-25.99136,27.84208,25-05-2015,117.6,173.9,404.3
-26.970278,27.211111,25-05-2015,80.0,147.0,339.3
-32.595833,19.009444,20-08-2013,33.300000000000004,147.20000000000002,314.59999999999997
-26.880278,26.965,25-05-2015,76.5,146.0,338.1
-32.595833,19.009444,08-10-2013,33.300000000000004,147.20000000000002,314.59999999999997
-26.73806,27.59194,25-05-2015,93.1,159.6,354.09999999999997
-26.45,28.085833,25-05-2015,111.8,176.0,385.0
-27.01011111,26.69808333,26-05-2015,69.2,133.0,328.9
-29.380556,30.2775,26-05-2015,94.0,169.6,426.3
-26.861111,28.884722,26-05-2015,119.20000000000002,189.20000000000002,398.00000000000006
-26.648056,27.089444,26-05-2015,82.7,155.29999999999998,348.90000000000003
-32.595833,19.009444,24-06-2014,22.400000000000002,143.8,277.8
-32.595833,19.009444,23-09-2014,25.0,93.60000000000001,263.09999999999997
-26.98472222,26.63227778,26-05-2015,69.30000000000001,134.2,333.1
-28.141944,26.417778,26-05-2015,50.599999999999994,103.5,300.9000000000001
-25.45963889,28.26430556,26-05-2015,129.5,176.8,381.90000000000003
-25.81048333,27.90955222,27-05-2015,117.4,165.10000000000002,387.59999999999997
-32.595833,19.009444,09-06-2015,18.900000000000002,127.1,222.40000000000003
-32.595833,19.009444,21-07-2015,18.900000000000002,127.1,222.40000000000003
-32.595833,19.009444,18-08-2015,18.900000000000002,127.1,222.40000000000003
-22.225556,29.990556,27-05-2015,77.9,101.8,252.5
-24.282222,28.090278,27-05-2015,126.50000000000001,161.8,390.9
-28.747778,31.745833,27-05-2015,303.0,529.8000000000001,1006.3000000000002
-27.00222,28.76528,27-05-2015,117.10000000000002,192.8,406.8
-27.273889,28.49,27-05-2015,117.30000000000001,202.6,430.9000000000001
-29.033333,23.983333,27-05-2015,27.5,68.8,278.09999999999997
-33.08883333,19.21878333,15-10-2013,52.5,206.8,408.90000000000003
-25.57877778,29.12747222,28-05-2015,154.2,197.7,421.29999999999995
-29.744167,29.905833,29-05-2015,122.70000000000002,195.50000000000003,462.40000000000003
-28.768056,20.720556,29-05-2015,11.5,36.0,152.3
-22.225556,29.990556,01-06-2015,77.9,101.8,252.5
-33.08883333,19.21878333,23-06-2014,31.3,173.29999999999998,354.5
-26.510278,28.351389,01-06-2015,118.7,183.39999999999998,389.8
-33.08883333,19.21878333,12-08-2014,38.5,124.8,332.3
-33.08883333,19.21878333,10-09-2014,38.5,124.8,332.3
-33.08883333,19.21878333,22-10-2014,38.5,124.8,332.3
-33.08883333,19.21878333,20-11-2014,38.5,124.8,332.3
-33.08883333,19.21878333,14-01-2015,33.3,150.8,264.9
-33.08883333,19.21878333,18-02-2015,33.3,150.8,264.9
-33.08883333,19.21878333,19-03-2015,33.3,150.8,264.9
-33.08883333,19.21878333,15-04-2015,33.3,150.8,264.9
-27.671111,27.236944,01-06-2015,63.5,124.2,319.90000000000003
-33.08883333,19.21878333,19-08-2015,33.3,150.8,264.9
-33.08883333,19.21878333,16-09-2015,33.3,150.8,264.9
-30.568333,29.422778,01-06-2015,131.4,208.70000000000002,468.59999999999997
-33.08883333,19.21878333,25-11-2015,33.3,150.8,264.9
-31.396,29.2651,01-06-2015,181.50000000000003,330.70000000000005,648.5
-25.127778,27.628889,02-06-2015,113.2,163.8,354.70000000000005
-25.20639,27.558,02-06-2015,112.0,162.2,358.1
-32.502778,19.535833,13-06-2011,21.6,73.2,195.20000000000002
-24.69514,27.40906,02-06-2015,112.5,157.9,361.6
-27.935,26.126667,02-06-2015,48.1,103.10000000000001,291.2
-28.1175,26.719444,02-06-2015,52.9,104.70000000000002,301.8
-27.398611,26.614722,02-06-2015,66.3,126.7,329.40000000000003
-30.160091,27.40124,02-06-2015,73.2,141.6,409.9
-30.336111,27.359444,02-06-2015,78.10000000000001,152.3,424.69999999999993
-31.104278,29.399722,02-06-2015,167.3,292.6,590.3
-32.502778,19.535833,27-07-2012,24.700000000000003,97.3,232.20000000000005
-34.031944,22.053333,02-06-2015,80.7,223.2,395.2
-34.039722,22.133333,02-06-2015,85.10000000000001,235.50000000000003,415.7
-34.02861,22.22222,02-06-2015,96.5,260.0,451.3
-28.338333,31.373611,02-06-2015,251.10000000000002,339.40000000000003,685.8
-28.068333,31.55,02-06-2015,211.70000000000002,295.0,589.1000000000001
-27.4,26.624722,02-06-2015,66.3,126.7,329.40000000000003
-30.830556,26.921389,03-06-2015,67.0,143.9,403.2
-24.670833,28.560833,03-06-2015,151.1,179.8,375.50000000000006
-24.39619444,27.08983333,03-06-2015,98.80000000000001,140.0,336.80000000000007
-28.75,30.442778,03-06-2015,64.1,124.0,318.1
-29.161667,30.629722,03-06-2015,83.6,172.0,446.80000000000007
-27.802778,28.768333,03-06-2015,93.50000000000001,170.8,388.70000000000005
-31.000833,26.353056,03-06-2015,44.5,124.1,377.1000000000001
-30.679722,26.7125,03-06-2015,61.00000000000001,133.4,388.1
-30.570833,29.150556,03-06-2015,122.70000000000002,196.40000000000003,442.8
-28.058889,30.373611,03-06-2015,102.39999999999999,176.60000000000002,420.7
-28.760833,17.730278,04-06-2015,3.3000000000000003,16.700000000000003,42.0
-32.502778,19.535833,09-06-2014,17.400000000000002,100.2,208.10000000000002
-28.44555556,32.325,28-07-2015,234.40000000000003,492.90000000000003,898.5
-27.273889,28.49,04-06-2015,117.30000000000001,202.6,430.9000000000001
-27.573056,24.746389,04-06-2015,44.9,85.30000000000001,290.79999999999995
-28.376944,24.303056,04-06-2015,35.1,76.60000000000001,292.9
-31.031389,28.883333,04-06-2015,138.70000000000002,224.1,488.2000000000001
-30.86013889,29.07125,04-06-2015,133.60000000000002,218.8,476.1000000000001
-32.502778,19.535833,13-04-2015,13.0,95.5,173.20000000000002
-30.77586667,29.03221667,04-06-2015,127.4,210.8,463.90000000000003
-32.502778,19.535833,08-06-2015,13.0,95.5,173.20000000000002
-27.902778,24.615556,05-06-2015,40.300000000000004,79.9,286.6
-32.502778,19.535833,17-08-2015,13.0,95.5,173.20000000000002
-31.554722,29.245556,05-06-2015,197.60000000000002,351.00000000000006,700.8000000000001
-32.502778,19.535833,19-10-2015,13.0,95.5,173.20000000000002
-25.99136,27.84208,08-06-2015,117.6,173.9,404.3
-31.5653,18.3306,05-01-2011,40.2,46.6,122.4
-31.5653,18.3306,09-02-2011,19.0,70.4,164.00000000000003
-31.5653,18.3306,16-03-2011,19.0,70.4,164.00000000000003
-31.5653,18.3306,12-04-2011,19.0,70.4,164.00000000000003
-26.970278,27.211111,08-06-2015,80.0,147.0,339.3
-26.880278,26.965,08-06-2015,76.5,146.0,338.1
-26.73806,27.59194,08-06-2015,93.1,159.6,354.09999999999997
-26.45,28.085833,08-06-2015,111.8,176.0,385.0
-33.818056,19.694722,08-06-2015,56.800000000000004,200.8,338.30000000000007
-31.5653,18.3306,09-11-2011,12.2,57.5,162.6
-31.5653,18.3306,21-12-2011,12.2,57.5,162.6
-31.5653,18.3306,17-01-2012,28.1,122.20000000000002,204.5
-31.5653,18.3306,15-02-2012,28.1,122.20000000000002,204.5
-31.5653,18.3306,13-03-2012,28.1,122.20000000000002,204.5
-31.5653,18.3306,17-04-2012,28.1,122.20000000000002,204.5
-31.5653,18.3306,17-05-2012,28.1,122.20000000000002,204.5
-31.5653,18.3306,29-05-2012,28.1,122.20000000000002,204.5
-27.01011111,26.69808333,09-06-2015,69.2,133.0,328.9
-25.73411,27.21422,09-06-2015,106.30000000000001,184.3,406.09999999999997
-27.363611,31.783333,09-06-2015,158.40000000000003,217.60000000000002,435.09999999999997
-26.861111,28.884722,09-06-2015,119.20000000000002,189.20000000000002,398.00000000000006
-31.5653,18.3306,23-10-2012,24.200000000000003,105.1,204.29999999999998
-31.5653,18.3306,13-11-2012,24.200000000000003,105.1,204.29999999999998
-31.5653,18.3306,04-12-2012,24.200000000000003,105.1,204.29999999999998
-31.5653,18.3306,26-03-2013,12.5,104.0,204.8
-31.5653,18.3306,23-04-2013,12.5,104.0,204.8
-31.5653,18.3306,21-05-2013,12.5,104.0,204.8
-27.00222,28.76528,09-06-2015,117.10000000000002,192.8,406.8
-27.02314,28.59389,09-06-2015,117.20000000000002,195.3,408.49999999999994
-31.5653,18.3306,28-01-2014,13.3,99.10000000000001,182.10000000000002
-31.5653,18.3306,12-02-2014,13.3,99.10000000000001,182.10000000000002
-31.5653,18.3306,04-03-2014,13.3,99.10000000000001,182.10000000000002
-31.5653,18.3306,01-04-2014,13.3,99.10000000000001,182.10000000000002
-31.5653,18.3306,13-05-2014,13.3,99.10000000000001,182.10000000000002
-26.648056,27.089444,09-06-2015,82.7,155.29999999999998,348.90000000000003
-26.98472222,26.63227778,09-06-2015,69.30000000000001,134.2,333.1
-27.935,26.126667,09-06-2015,48.1,103.10000000000001,291.2
-28.141944,26.417778,09-06-2015,50.599999999999994,103.5,300.9000000000001
-31.5653,18.3306,21-10-2014,14.100000000000001,58.00000000000001,173.8
-31.5653,18.3306,25-11-2014,14.100000000000001,58.00000000000001,173.8
-31.5653,18.3306,27-01-2015,7.800000000000001,99.5,165.49999999999997
-31.5653,18.3306,17-02-2015,7.800000000000001,99.5,165.49999999999997
-31.5653,18.3306,17-03-2015,7.800000000000001,99.5,165.49999999999997
-31.5653,18.3306,14-04-2015,7.800000000000001,99.5,165.49999999999997
-31.5653,18.3306,12-05-2015,7.800000000000001,99.5,165.49999999999997
-31.5653,18.3306,09-06-2015,7.800000000000001,99.5,165.49999999999997
-28.1175,26.719444,09-06-2015,52.9,104.70000000000002,301.8
-29.160278,26.573333,09-06-2015,47.400000000000006,101.30000000000001,316.50000000000006
-31.5653,18.3306,15-09-2015,7.800000000000001,99.5,165.49999999999997
-31.5653,18.3306,20-10-2015,7.800000000000001,99.5,165.49999999999997
-31.5653,18.3306,24-11-2015,7.800000000000001,99.5,165.49999999999997
-32.601389,18.750556,10-05-2011,35.800000000000004,107.00000000000003,252.10000000000002
-32.601389,18.750556,13-06-2011,35.800000000000004,107.00000000000003,252.10000000000002
-32.601389,18.750556,12-07-2011,27.8,89.40000000000002,250.00000000000003
-32.601389,18.750556,10-08-2011,27.8,89.40000000000002,250.00000000000003
-32.601389,18.750556,06-09-2011,27.8,89.40000000000002,250.00000000000003
-32.601389,18.750556,03-11-2011,27.8,89.40000000000002,250.00000000000003
-32.601389,18.750556,29-05-2012,40.5,176.90000000000003,310.7
-32.601389,18.750556,03-07-2012,40.5,176.90000000000003,310.7
-32.601389,18.750556,31-07-2012,30.800000000000004,142.2,312.0
-32.601389,18.750556,28-08-2012,30.800000000000004,142.2,312.0
-32.601389,18.750556,26-09-2012,30.800000000000004,142.2,312.0
-32.601389,18.750556,23-10-2012,30.800000000000004,142.2,312.0
-28.69485,28.23487,09-06-2015,70.2,151.7,402.1000000000001
-32.601389,18.750556,16-07-2013,33.400000000000006,155.4,332.9
-32.601389,18.750556,13-08-2013,33.400000000000006,155.4,332.9
-32.601389,18.750556,10-09-2013,33.400000000000006,155.4,332.9
-32.601389,18.750556,09-10-2013,33.400000000000006,155.4,332.9
-32.601389,18.750556,05-11-2013,33.400000000000006,155.4,332.9
-32.601389,18.750556,26-11-2013,33.400000000000006,155.4,332.9
-32.601389,18.750556,12-06-2014,24.000000000000004,150.4,292.2
-32.601389,18.750556,17-07-2014,26.700000000000003,98.2,277.9
-32.601389,18.750556,28-08-2014,26.700000000000003,98.2,277.9
-32.601389,18.750556,25-09-2014,26.700000000000003,98.2,277.9
-32.601389,18.750556,23-10-2014,26.700000000000003,98.2,277.9
-32.601389,18.750556,27-11-2014,26.700000000000003,98.2,277.9
-32.601389,18.750556,25-02-2015,20.400000000000002,129.9,231.9
-32.601389,18.750556,21-05-2015,20.400000000000002,129.9,231.9
-32.601389,18.750556,26-06-2015,20.400000000000002,129.9,231.9
-32.601389,18.750556,30-07-2015,20.400000000000002,129.9,231.9
-32.601389,18.750556,27-08-2015,20.400000000000002,129.9,231.9
-32.601389,18.750556,29-10-2015,20.400000000000002,129.9,231.9
-28.883333,27.89,09-06-2015,64.8,139.2,387.1000000000001
-25.45963889,28.26430556,09-06-2015,129.5,176.8,381.90000000000003
-25.81048333,27.90955222,10-06-2015,117.4,165.10000000000002,387.59999999999997
-29.641944,30.6875,10-06-2015,83.1,190.60000000000002,467.40000000000003
-24.282222,28.090278,10-06-2015,126.50000000000001,161.8,390.9
-23.763056,27.908611,10-06-2015,105.0,133.4,340.09999999999997
-23.23572222,27.717,10-06-2015,80.30000000000001,102.0,269.59999999999997
-24.058889,31.237222,10-06-2015,120.30000000000001,155.1,337.40000000000003
-27.802778,28.768333,10-06-2015,93.50000000000001,170.8,388.70000000000005
-27.671111,27.236944,10-06-2015,63.5,124.2,319.90000000000003
-30.160091,27.40124,10-06-2015,73.2,141.6,409.9
-30.336111,27.359444,10-06-2015,78.10000000000001,152.3,424.69999999999993
-29.615556,27.065278,10-06-2015,57.10000000000001,120.30000000000001,375.9
-33.38056,19.30167,10-06-2015,44.1,188.40000000000003,329.4000000000001
-33.08883333,19.21878333,10-06-2015,33.3,150.8,264.9
-25.57877778,29.12747222,10-06-2015,154.2,197.7,421.29999999999995
-22.225556,29.990556,11-06-2015,77.9,101.8,252.5
-30.830556,26.921389,11-06-2015,67.0,143.9,403.2
-24.95861111,29.39527778,11-06-2015,141.4,176.2,377.49999999999994
-27.02314,28.59389,11-06-2015,117.20000000000002,195.3,408.49999999999994
-27.4275,28.525833,11-06-2015,107.60000000000001,191.5,413.9000000000001
-27.3,28.586944,11-06-2015,114.1,197.20000000000002,419.80000000000007
-27.38972222,26.46388889,11-06-2015,62.900000000000006,121.9,326.6
-27.398611,26.614722,11-06-2015,66.3,126.7,329.40000000000003
-31.000833,26.353056,11-06-2015,44.5,124.1,377.1000000000001
-30.679722,26.7125,11-06-2015,61.00000000000001,133.4,388.1
-30.534167,24.961944,11-06-2015,23.1,83.9,285.1
-33.7075,18.97444444,11-06-2015,58.7,241.0,439.20000000000005
-33.72266667,18.61691667,11-06-2015,43.7,191.8,362.1000000000001
-27.356667,27.286389,11-06-2015,72.30000000000001,136.79999999999998,331.40000000000003
-29.641944,30.6875,12-06-2015,83.1,190.60000000000002,467.40000000000003
-29.744167,29.905833,12-06-2015,122.70000000000002,195.50000000000003,462.40000000000003
-26.619444,27.980833,12-06-2015,103.5,168.3,369.6000000000001
-27.573056,24.746389,12-06-2015,44.9,85.30000000000001,290.79999999999995
-29.658056,25.973333,12-06-2015,31.6,86.10000000000001,288.8
-23.658056,31.05,15-06-2015,105.1,135.0,310.2
-29.7775,29.470833,15-06-2015,129.8,203.20000000000002,521.8
-29.987778,29.851667,15-06-2015,133.4,213.0,491.1
-29.744167,29.905833,15-06-2015,122.70000000000002,195.50000000000003,462.40000000000003
-24.679167,30.8025,16-06-2015,212.40000000000003,275.1,655.7000000000002
-25.127778,27.628889,16-06-2015,113.2,163.8,354.70000000000005
-25.20639,27.558,16-06-2015,112.0,162.2,358.1
-24.39619444,27.08983333,16-06-2015,98.80000000000001,140.0,336.80000000000007
-24.69514,27.40906,16-06-2015,112.5,157.9,361.6
-22.769722,30.886944,17-06-2015,118.4,152.0,386.1
-24.058889,31.237222,17-06-2015,120.30000000000001,155.1,337.40000000000003
-28.404444,30.013056,17-06-2015,72.3,139.8,360.00000000000006
-30.733889,29.828333,17-06-2015,166.70000000000002,271.50000000000006,562.2
-30.398056,30.601944,17-06-2015,179.4,353.6,678.3
-27.273889,28.49,17-06-2015,117.30000000000001,202.6,430.9000000000001
-34.092222,21.295278,17-06-2015,85.80000000000001,217.90000000000003,355.3
-28.058889,30.373611,17-06-2015,102.39999999999999,176.60000000000002,420.7
-27.5275,30.858056,18-06-2015,238.4,293.0,611.8000000000001
-30.13573889,30.67422222,18-06-2015,145.60000000000002,301.3,608.7000000000002
-26.880278,26.965,18-06-2015,76.5,146.0,338.1
-28.1175,26.719444,18-06-2015,52.9,104.70000000000002,301.8
-28.376944,24.303056,18-06-2015,35.1,76.60000000000001,292.9
-31.394444,20.947222,18-06-2015,13.100000000000001,48.2,110.7
-29.651389,22.746389,18-06-2015,18.800000000000004,59.300000000000004,219.70000000000002
-34.250556,20.9925,18-06-2015,79.6,212.0,343.9000000000001
-33.13083,18.86278,04-07-2012,46.5,230.7,400.0
-24.183889,30.823889,19-06-2015,124.0,152.8,361.20000000000005
-27.902778,24.615556,19-06-2015,40.300000000000004,79.9,286.6
-29.803611,30.516111,19-06-2015,111.20000000000002,206.3,483.40000000000003
-25.99136,27.84208,22-06-2015,117.6,173.9,404.3
-25.49037,30.6986,22-06-2015,197.3,251.3,525.6000000000001
-24.99328,30.81444,22-06-2015,220.3,288.6,648.5000000000001
-26.970278,27.211111,22-06-2015,80.0,147.0,339.3
-26.880278,26.965,22-06-2015,76.5,146.0,338.1
-26.73806,27.59194,22-06-2015,93.1,159.6,354.09999999999997
-26.45,28.085833,22-06-2015,111.8,176.0,385.0
-27.273889,28.49,22-06-2015,117.30000000000001,202.6,430.9000000000001
-27.01011111,26.69808333,23-06-2015,69.2,133.0,328.9
-25.436111,31.982222,23-06-2015,139.9,179.20000000000005,401.6
-29.140556,31.391944,23-06-2015,316.1,490.90000000000003,1019.5
-34.065833,20.404167,23-06-2015,56.599999999999994,167.70000000000005,270.6000000000001
-22.43772222,31.07805556,23-06-2015,95.60000000000001,116.20000000000002,292.0
-25.681111,31.783333,23-06-2015,153.7,192.39999999999998,403.79999999999995
-25.67386,31.57527,23-06-2015,166.70000000000002,210.8,434.00000000000006
-25.398889,31.610556,23-06-2015,151.4,192.90000000000003,406.1
-28.801278,31.955389,23-06-2015,264.2,519.3,989.8000000000001
-27.00222,28.76528,23-06-2015,117.10000000000002,192.8,406.8
-26.98472222,26.63227778,23-06-2015,69.30000000000001,134.2,333.1
-28.1175,26.719444,23-06-2015,52.9,104.70000000000002,301.8
-25.45963889,28.26430556,23-06-2015,129.5,176.8,381.90000000000003
-29.161667,23.696389,24-06-2015,24.000000000000004,62.7,263.20000000000005
-31.860278,18.6875,24-06-2015,11.2,110.10000000000001,189.50000000000003
-25.362222,31.956667,24-06-2015,137.5,177.1,392.20000000000005
-24.768889,31.39,24-06-2015,151.3,198.8,440.5
-24.9675,31.516667,24-06-2015,140.0,183.6,397.6
-28.747778,31.745833,24-06-2015,303.0,529.8000000000001,1006.3000000000002
-27.273889,28.49,24-06-2015,117.30000000000001,202.6,430.9000000000001
-29.033333,23.983333,24-06-2015,27.5,68.8,278.09999999999997
-26.03611,30.99778,25-06-2015,246.9,317.70000000000005,652.6
-33.7075,18.97444444,17-02-2011,77.30000000000001,226.6,483.6000000000001
-26.648056,27.089444,25-06-2015,82.7,155.29999999999998,348.90000000000003
-28.460833,21.248889,25-06-2015,20.700000000000003,53.800000000000004,207.2
-32.94583,18.33667,25-06-2015,23.5,127.9,230.50000000000003
-33.897778,20.012778,25-06-2015,53.9,168.70000000000002,275.1
-33.7075,18.97444444,25-01-2012,68.80000000000001,361.50000000000006,610.6000000000001
-33.7075,18.97444444,22-02-2012,68.80000000000001,361.50000000000006,610.6000000000001
-33.7075,18.97444444,21-03-2012,68.80000000000001,361.50000000000006,610.6000000000001
-29.744167,29.905833,26-06-2015,122.70000000000002,195.50000000000003,462.40000000000003
-25.81048333,27.90955222,29-06-2015,117.4,165.10000000000002,387.59999999999997
-26.510278,28.351389,29-06-2015,118.7,183.39999999999998,389.8
-26.45,28.085833,29-06-2015,111.8,176.0,385.0
-27.671111,27.236944,29-06-2015,63.5,124.2,319.90000000000003
-25.127778,27.628889,30-06-2015,113.2,163.8,354.70000000000005
-25.20639,27.558,30-06-2015,112.0,162.2,358.1
-24.69514,27.40906,30-06-2015,112.5,157.9,361.6
-28.735556,29.820556,30-06-2015,67.8,127.8,349.9
-26.861111,28.884722,30-06-2015,119.20000000000002,189.20000000000002,398.00000000000006
-27.00222,28.76528,30-06-2015,117.10000000000002,192.8,406.8
-27.02314,28.59389,30-06-2015,117.20000000000002,195.3,408.49999999999994
-27.398611,26.614722,30-06-2015,66.3,126.7,329.40000000000003
-31.436944,20.474722,30-06-2015,11.3,56.9,119.69999999999999
-29.651389,22.746389,30-06-2015,18.800000000000004,59.300000000000004,219.70000000000002
-28.338333,31.373611,30-06-2015,251.10000000000002,339.40000000000003,685.8
-28.068333,31.55,30-06-2015,211.70000000000002,295.0,589.1000000000001
-28.308889,31.9025,30-06-2015,230.8,398.7000000000001,738.1000000000001
-27.4,26.624722,30-06-2015,66.3,126.7,329.40000000000003
-29.161667,23.696389,01-07-2015,24.000000000000004,62.7,263.20000000000005
-27.602222,29.942778,01-07-2015,124.80000000000001,185.60000000000002,414.00000000000006
-27.169444,29.233889,01-07-2015,114.5,184.3,385.4
-27.273889,28.49,01-07-2015,117.30000000000001,202.6,430.9000000000001
-27.4275,28.525833,01-07-2015,107.60000000000001,191.5,413.9000000000001
-27.3,28.586944,01-07-2015,114.1,197.20000000000002,419.80000000000007
-27.802778,28.768333,01-07-2015,93.50000000000001,170.8,388.70000000000005
-33.7075,18.97444444,28-01-2015,58.7,241.0,439.20000000000005
-33.7075,18.97444444,19-02-2015,58.7,241.0,439.20000000000005
-33.7075,18.97444444,25-03-2015,58.7,241.0,439.20000000000005
-27.935,26.126667,01-07-2015,48.1,103.10000000000001,291.2
-28.141944,26.417778,01-07-2015,50.599999999999994,103.5,300.9000000000001
-27.671111,27.236944,01-07-2015,63.5,124.2,319.90000000000003
-28.75,30.442778,02-07-2015,64.1,124.0,318.1
-29.161667,30.629722,02-07-2015,83.6,172.0,446.80000000000007
-27.4275,28.525833,02-07-2015,107.60000000000001,191.5,413.9000000000001
-27.802778,28.768333,02-07-2015,93.50000000000001,170.8,388.70000000000005
-28.376944,24.303056,02-07-2015,35.1,76.60000000000001,292.9
-29.744167,29.905833,03-07-2015,122.70000000000002,195.50000000000003,462.40000000000003
-27.573056,24.746389,03-07-2015,44.9,85.30000000000001,290.79999999999995
-27.902778,24.615556,03-07-2015,40.300000000000004,79.9,286.6
-25.99136,27.84208,06-07-2015,117.6,173.9,404.3
-26.45,28.085833,06-07-2015,111.8,176.0,385.0
-22.225556,29.990556,07-07-2015,77.9,101.8,252.5
-23.658056,31.05,07-07-2015,105.1,135.0,310.2
-27.363611,31.783333,07-07-2015,158.40000000000003,217.60000000000002,435.09999999999997
-26.861111,28.884722,07-07-2015,119.20000000000002,189.20000000000002,398.00000000000006
-27.00222,28.76528,07-07-2015,117.10000000000002,192.8,406.8
-27.3,28.586944,07-07-2015,114.1,197.20000000000002,419.80000000000007
-31.396,29.2651,07-07-2015,181.50000000000003,330.70000000000005,648.5
-31.554722,29.245556,07-07-2015,197.60000000000002,351.00000000000006,700.8000000000001
-34.031944,22.053333,07-07-2015,80.7,223.2,395.2
-25.45963889,28.26430556,07-07-2015,129.5,176.8,381.90000000000003
-25.81048333,27.90955222,08-07-2015,117.4,165.10000000000002,387.59999999999997
-29.641944,30.6875,08-07-2015,83.1,190.60000000000002,467.40000000000003
-23.23572222,27.717,08-07-2015,80.30000000000001,102.0,269.59999999999997
-24.670833,28.560833,08-07-2015,151.1,179.8,375.50000000000006
-22.91028,29.61111,08-07-2015,105.9,126.7,319.0
-26.970278,27.211111,08-07-2015,80.0,147.0,339.3
-27.38972222,26.46388889,08-07-2015,62.900000000000006,121.9,326.6
-30.534167,24.961944,08-07-2015,23.1,83.9,285.1
-30.570833,29.150556,08-07-2015,122.70000000000002,196.40000000000003,442.8
-31.104278,29.399722,08-07-2015,167.3,292.6,590.3
-30.77586667,29.03221667,08-07-2015,127.4,210.8,463.90000000000003
-34.039722,22.133333,08-07-2015,85.10000000000001,235.50000000000003,415.7
-34.02861,22.22222,08-07-2015,96.5,260.0,451.3
-32.94583,18.33667,03-12-2015,23.5,127.9,230.50000000000003
-33.464444,18.740556,20-07-2011,47.7,142.7,373.1
-33.464444,18.740556,17-08-2011,47.7,142.7,373.1
-33.464444,18.740556,14-09-2011,47.7,142.7,373.1
-33.464444,18.740556,12-10-2011,47.7,142.7,373.1
-33.464444,18.740556,09-11-2011,47.7,142.7,373.1
-33.464444,18.740556,26-06-2012,51.900000000000006,283.0,485.1
-33.464444,18.740556,24-07-2012,35.1,212.5,493.1
-27.01011111,26.69808333,09-07-2015,69.2,133.0,328.9
-33.464444,18.740556,18-09-2012,35.1,212.5,493.1
-33.464444,18.740556,16-10-2012,35.1,212.5,493.1
-33.464444,18.740556,15-11-2012,35.1,212.5,493.1
-24.282222,28.090278,09-07-2015,126.50000000000001,161.8,390.9
-33.464444,18.740556,24-07-2013,50.10000000000001,281.20000000000005,562.6999999999999
-33.464444,18.740556,21-08-2013,50.10000000000001,281.20000000000005,562.6999999999999
-33.464444,18.740556,11-09-2013,50.10000000000001,281.20000000000005,562.6999999999999
-33.464444,18.740556,09-10-2013,50.10000000000001,281.20000000000005,562.6999999999999
-33.464444,18.740556,06-11-2013,50.10000000000001,281.20000000000005,562.6999999999999
-33.464444,18.740556,27-11-2013,50.10000000000001,281.20000000000005,562.6999999999999
-33.464444,18.740556,16-07-2014,40.2,160.50000000000003,470.1
-33.464444,18.740556,27-08-2014,40.2,160.50000000000003,470.1
-33.464444,18.740556,01-10-2014,40.2,160.50000000000003,470.1
-33.464444,18.740556,29-10-2014,40.2,160.50000000000003,470.1
-23.23572222,27.717,09-07-2015,80.30000000000001,102.0,269.59999999999997
-33.464444,18.740556,23-07-2015,41.5,189.3,346.7
-33.464444,18.740556,20-08-2015,41.5,189.3,346.7
-33.464444,18.740556,17-09-2015,41.5,189.3,346.7
-26.648056,27.089444,09-07-2015,82.7,155.29999999999998,348.90000000000003
-26.880278,26.965,09-07-2015,76.5,146.0,338.1
-26.98472222,26.63227778,09-07-2015,69.30000000000001,134.2,333.1
-31.031389,28.883333,09-07-2015,138.70000000000002,224.1,488.2000000000001
-33.72266667,18.61691667,11-06-2014,30.600000000000005,258.6,523.6
-30.86013889,29.07125,09-07-2015,133.60000000000002,218.8,476.1000000000001
-33.970833,22.548333,20-01-2011,154.20000000000002,323.1,583.9000000000001
-33.970833,22.548333,28-02-2011,154.20000000000002,323.1,583.9000000000001
-33.970833,22.548333,04-04-2011,154.20000000000002,323.1,583.9000000000001
-33.970833,22.548333,03-05-2011,154.20000000000002,323.1,583.9000000000001
-33.970833,22.548333,05-07-2011,154.20000000000002,323.1,583.9000000000001
-33.970833,22.548333,31-08-2011,145.4,255.4,580.0000000000001
-33.970833,22.548333,14-09-2011,145.4,255.4,580.0000000000001
-33.970833,22.548333,11-10-2011,145.4,255.4,580.0000000000001
-33.970833,22.548333,25-11-2011,145.4,255.4,580.0000000000001
-33.970833,22.548333,20-01-2012,166.50000000000003,343.8,586.1
-33.970833,22.548333,20-03-2012,166.50000000000003,343.8,586.1
-34.005833,22.351111,09-07-2015,118.80000000000001,302.09999999999997,516.1
-33.970833,22.548333,09-07-2012,92.0,277.8,601.4
-33.970833,22.548333,17-08-2012,92.0,277.8,601.4
-33.970833,22.548333,19-09-2012,92.0,277.8,601.4
-33.970833,22.548333,17-10-2012,92.0,277.8,601.4
-33.970833,22.548333,23-11-2012,92.0,277.8,601.4
-33.970833,22.548333,13-12-2012,92.0,277.8,601.4
-33.970833,22.548333,30-01-2013,230.90000000000003,341.20000000000005,524.5
-33.970833,22.548333,13-02-2013,230.90000000000003,341.20000000000005,524.5
-22.43772222,31.07805556,10-07-2015,95.60000000000001,116.20000000000002,292.0
-33.970833,22.548333,19-06-2013,230.90000000000003,341.20000000000005,524.5
-33.970833,22.548333,19-07-2013,188.60000000000002,404.6,577.4000000000001
-33.970833,22.548333,21-08-2013,188.60000000000002,404.6,577.4000000000001
-33.970833,22.548333,20-09-2013,188.60000000000002,404.6,577.4000000000001
-33.970833,22.548333,17-10-2013,188.60000000000002,404.6,577.4000000000001
-33.970833,22.548333,05-11-2013,188.60000000000002,404.6,577.4000000000001
-33.970833,22.548333,08-11-2013,188.60000000000002,404.6,577.4000000000001
-33.970833,22.548333,15-01-2014,151.7,254.2,558.1
-33.970833,22.548333,05-03-2014,151.7,254.2,558.1
-33.970833,22.548333,02-04-2014,151.7,254.2,558.1
-33.970833,22.548333,08-05-2014,151.7,254.2,558.1
-28.7115,24.07288889,13-07-2015,31.3,73.80000000000001,288.2
-33.970833,22.548333,09-07-2014,168.3,265.5,493.1000000000001
-33.970833,22.548333,06-08-2014,168.3,265.5,493.1000000000001
-33.970833,22.548333,03-09-2014,168.3,265.5,493.1000000000001
-33.970833,22.548333,08-10-2014,168.3,265.5,493.1000000000001
-33.970833,22.548333,07-01-2015,162.70000000000002,284.5,550.0
-33.970833,22.548333,04-02-2015,141.5,344.40000000000003,583.1
-33.970833,22.548333,05-03-2015,141.5,344.40000000000003,583.1
-33.970833,22.548333,08-04-2015,141.5,344.40000000000003,583.1
-33.970833,22.548333,07-05-2015,141.5,344.40000000000003,583.1
-33.970833,22.548333,02-06-2015,141.5,344.40000000000003,583.1
-33.970833,22.548333,08-07-2015,141.5,344.40000000000003,583.1
-33.970833,22.548333,05-08-2015,141.5,344.40000000000003,583.1
-33.970833,22.548333,02-09-2015,141.5,344.40000000000003,583.1
-33.970833,22.548333,06-10-2015,141.5,344.40000000000003,583.1
-33.970833,22.548333,04-11-2015,141.5,344.40000000000003,583.1
-33.970833,22.548333,03-12-2015,141.5,344.40000000000003,583.1
-34.005833,22.351111,21-01-2011,127.4,281.8,521.9000000000001
-34.005833,22.351111,11-02-2011,127.4,281.8,521.9000000000001
-34.005833,22.351111,17-03-2011,127.4,281.8,521.9000000000001
-34.005833,22.351111,19-04-2011,127.4,281.8,521.9000000000001
-34.005833,22.351111,17-05-2011,127.4,281.8,521.9000000000001
-34.005833,22.351111,21-06-2011,127.4,281.8,521.9000000000001
-24.679167,30.8025,13-07-2015,212.40000000000003,275.1,655.7000000000002
-34.005833,22.351111,12-10-2011,121.6,220.2,518.4000000000001
-29.7775,29.470833,13-07-2015,129.8,203.20000000000002,521.8
-29.744167,29.905833,13-07-2015,122.70000000000002,195.50000000000003,462.40000000000003
-29.160278,26.573333,13-07-2015,47.400000000000006,101.30000000000001,316.50000000000006
-34.005833,22.351111,26-06-2012,139.3,301.4,521.8
-34.005833,22.351111,18-07-2012,81.6,242.8,536.4
-29.1825,23.575556,13-07-2015,23.4,63.300000000000004,258.6
-25.127778,27.628889,14-07-2015,113.2,163.8,354.70000000000005
-24.39619444,27.08983333,14-07-2015,98.80000000000001,140.0,336.80000000000007
-24.69514,27.40906,14-07-2015,112.5,157.9,361.6
-28.69485,28.23487,14-07-2015,70.2,151.7,402.1000000000001
-34.005833,22.351111,05-04-2013,191.6,295.5,465.4
-28.883333,27.89,14-07-2015,64.8,139.2,387.1000000000001
-34.005833,22.351111,04-07-2013,191.6,295.5,465.4
-34.005833,22.351111,06-08-2013,166.9,354.59999999999997,514.7
-24.183889,30.823889,15-07-2015,124.0,152.8,361.20000000000005
-25.20639,27.558,15-07-2015,112.0,162.2,358.1
-34.005833,22.351111,04-12-2013,166.9,354.59999999999997,514.7
-34.005833,22.351111,22-01-2014,126.2,217.00000000000003,498.99999999999994
-34.005833,22.351111,20-02-2014,126.2,217.00000000000003,498.99999999999994
-22.769722,30.886944,15-07-2015,118.4,152.0,386.1
-34.005833,22.351111,03-04-2014,126.2,217.00000000000003,498.99999999999994
-28.404444,30.013056,15-07-2015,72.3,139.8,360.00000000000006
-30.733889,29.828333,15-07-2015,166.70000000000002,271.50000000000006,562.2
-30.160091,27.40124,15-07-2015,73.2,141.6,409.9
-30.336111,27.359444,15-07-2015,78.10000000000001,152.3,424.69999999999993
-29.615556,27.065278,15-07-2015,57.10000000000001,120.30000000000001,375.9
-34.005833,22.351111,04-11-2014,142.0,226.10000000000002,437.80000000000007
-34.005833,22.351111,03-12-2014,142.0,226.10000000000002,437.80000000000007
-28.058889,30.373611,15-07-2015,102.39999999999999,176.60000000000002,420.7
-30.830556,26.921389,16-07-2015,67.0,143.9,403.2
-34.005833,22.351111,10-04-2015,118.80000000000001,302.09999999999997,516.1
-27.937778,31.209444,16-07-2015,214.9,273.0,578.1999999999999
-34.005833,22.351111,04-06-2015,118.80000000000001,302.09999999999997,516.1
-27.5275,30.858056,16-07-2015,238.4,293.0,611.8000000000001
-30.13573889,30.67422222,16-07-2015,145.60000000000002,301.3,608.7000000000002
-30.398056,30.601944,16-07-2015,179.4,353.6,678.3
-27.02314,28.59389,16-07-2015,117.20000000000002,195.3,408.49999999999994
-27.273889,28.49,16-07-2015,117.30000000000001,202.6,430.9000000000001
-27.935,26.126667,16-07-2015,48.1,103.10000000000001,291.2
-28.141944,26.417778,16-07-2015,50.599999999999994,103.5,300.9000000000001
-28.1175,26.719444,16-07-2015,52.9,104.70000000000002,301.8
-31.000833,26.353056,16-07-2015,44.5,124.1,377.1000000000001
-30.679722,26.7125,16-07-2015,61.00000000000001,133.4,388.1
-30.534167,24.961944,16-07-2015,23.1,83.9,285.1
-29.744167,29.905833,17-07-2015,122.70000000000002,195.50000000000003,462.40000000000003
-27.902778,24.615556,17-07-2015,40.300000000000004,79.9,286.6
-29.803611,30.516111,17-07-2015,111.20000000000002,206.3,483.40000000000003
-27.01011111,26.69808333,20-07-2015,69.2,133.0,328.9
-29.140556,31.391944,20-07-2015,316.1,490.90000000000003,1019.5
-25.99136,27.84208,20-07-2015,117.6,173.9,404.3
-26.648056,27.089444,20-07-2015,82.7,155.29999999999998,348.90000000000003
-26.880278,26.965,20-07-2015,76.5,146.0,338.1
-26.73806,27.59194,20-07-2015,93.1,159.6,354.09999999999997
-26.45,28.085833,20-07-2015,111.8,176.0,385.0
-26.98472222,26.63227778,20-07-2015,69.30000000000001,134.2,333.1
-32.502778,19.535833,20-07-2015,13.0,95.5,173.20000000000002
-34.065833,20.404167,21-07-2015,56.599999999999994,167.70000000000005,270.6000000000001
-31.860278,18.6875,21-07-2015,11.2,110.10000000000001,189.50000000000003
-33.980556,21.653333,21-07-2015,72.5,196.4,335.20000000000005
-26.006389,29.253889,21-07-2015,161.0,213.8,442.4000000000001
-28.801278,31.955389,21-07-2015,264.2,519.3,989.8000000000001
-27.00222,28.76528,21-07-2015,117.10000000000002,192.8,406.8
-27.38972222,26.46388889,21-07-2015,62.900000000000006,121.9,326.6
-27.398611,26.614722,21-07-2015,66.3,126.7,329.40000000000003
-34.092222,21.295278,21-07-2015,85.80000000000001,217.90000000000003,355.3
-31.5653,18.3306,21-07-2015,7.800000000000001,99.5,165.49999999999997
-27.4,26.624722,21-07-2015,66.3,126.7,329.40000000000003
-25.81048333,27.90955222,22-07-2015,117.4,165.10000000000002,387.59999999999997
-28.747778,31.745833,22-07-2015,303.0,529.8000000000001,1006.3000000000002
-26.970278,27.211111,22-07-2015,80.0,147.0,339.3
-26.880278,26.965,22-07-2015,76.5,146.0,338.1
-27.273889,28.49,22-07-2015,117.30000000000001,202.6,430.9000000000001
-28.141944,26.417778,22-07-2015,50.599999999999994,103.5,300.9000000000001
-28.1175,26.719444,22-07-2015,52.9,104.70000000000002,301.8
-34.250556,20.9925,22-07-2015,79.6,212.0,343.9000000000001
-34.405833,19.600556,22-07-2015,73.30000000000001,224.60000000000002,381.1
-33.38056,19.30167,22-07-2015,44.1,188.40000000000003,329.4000000000001
-33.08883333,19.21878333,22-07-2015,33.3,150.8,264.9
-24.95861111,29.39527778,23-07-2015,141.4,176.2,377.49999999999994
-33.7075,18.97444444,23-07-2015,58.7,241.0,439.20000000000005
-25.57877778,29.12747222,23-07-2015,154.2,197.7,421.29999999999995
-33.897778,20.012778,23-07-2015,53.9,168.70000000000002,275.1
-26.619444,27.980833,27-07-2015,103.5,168.3,369.6000000000001
-25.127778,27.628889,28-07-2015,113.2,163.8,354.70000000000005
-25.20639,27.558,28-07-2015,112.0,162.2,358.1
-24.69514,27.40906,28-07-2015,112.5,157.9,361.6
-28.44555556,32.325,25-08-2015,234.40000000000003,492.90000000000003,898.5
-27.169444,29.233889,28-07-2015,114.5,184.3,385.4
-27.935,26.126667,28-07-2015,48.1,103.10000000000001,291.2
-28.141944,26.417778,28-07-2015,50.599999999999994,103.5,300.9000000000001
-28.1175,26.719444,28-07-2015,52.9,104.70000000000002,301.8
-27.398611,26.614722,28-07-2015,66.3,126.7,329.40000000000003
-27.671111,27.236944,28-07-2015,63.5,124.2,319.90000000000003
-28.69485,28.23487,28-07-2015,70.2,151.7,402.1000000000001
-33.501667,21.624167,28-07-2015,55.1,141.9,246.4
-33.31388889,19.07472222,28-07-2015,40.6,190.40000000000003,336.7
-28.338333,31.373611,28-07-2015,251.10000000000002,339.40000000000003,685.8
-28.068333,31.55,28-07-2015,211.70000000000002,295.0,589.1000000000001
-28.308889,31.9025,28-07-2015,230.8,398.7000000000001,738.1000000000001
-27.4,26.624722,28-07-2015,66.3,126.7,329.40000000000003
-29.161667,23.696389,29-07-2015,24.000000000000004,62.7,263.20000000000005
-27.602222,29.942778,29-07-2015,124.80000000000001,185.60000000000002,414.00000000000006
-27.802778,28.768333,29-07-2015,93.50000000000001,170.8,388.70000000000005
-33.13083,18.86278,29-07-2015,31.6,161.6,291.3
-26.03611,30.99778,30-07-2015,246.9,317.70000000000005,652.6
-28.75,30.442778,30-07-2015,64.1,124.0,318.1
-29.161667,30.629722,30-07-2015,83.6,172.0,446.80000000000007
-27.02314,28.59389,30-07-2015,117.20000000000002,195.3,408.49999999999994
-27.273889,28.49,30-07-2015,117.30000000000001,202.6,430.9000000000001
-27.4275,28.525833,30-07-2015,107.60000000000001,191.5,413.9000000000001
-27.3,28.586944,30-07-2015,114.1,197.20000000000002,419.80000000000007
-27.573056,24.746389,30-07-2015,44.9,85.30000000000001,290.79999999999995
-28.460833,21.248889,30-07-2015,20.700000000000003,53.800000000000004,207.2
-32.94583,18.33667,30-07-2015,23.5,127.9,230.50000000000003
-29.641944,30.6875,31-07-2015,83.1,190.60000000000002,467.40000000000003
-24.95861111,29.39527778,31-07-2015,141.4,176.2,377.49999999999994
-28.141944,26.417778,31-07-2015,50.599999999999994,103.5,300.9000000000001
-28.1175,26.719444,31-07-2015,52.9,104.70000000000002,301.8
-27.902778,24.615556,31-07-2015,40.300000000000004,79.9,286.6
-25.99136,27.84208,03-08-2015,117.6,173.9,404.3
-26.73806,27.59194,03-08-2015,93.1,159.6,354.09999999999997
-26.45,28.085833,03-08-2015,111.8,176.0,385.0
-29.160278,26.573333,03-08-2015,47.400000000000006,101.30000000000001,316.50000000000006
-31.396,29.2651,03-08-2015,181.50000000000003,330.70000000000005,648.5
-31.554722,29.245556,03-08-2015,197.60000000000002,351.00000000000006,700.8000000000001
-26.861111,28.884722,04-08-2015,119.20000000000002,189.20000000000002,398.00000000000006
-27.00222,28.76528,04-08-2015,117.10000000000002,192.8,406.8
-26.970278,27.211111,04-08-2015,80.0,147.0,339.3
-26.880278,26.965,04-08-2015,76.5,146.0,338.1
-28.69485,28.23487,04-08-2015,70.2,151.7,402.1000000000001
-29.615556,27.065278,04-08-2015,57.10000000000001,120.30000000000001,375.9
-28.883333,27.89,04-08-2015,64.8,139.2,387.1000000000001
-30.568333,29.422778,04-08-2015,131.4,208.70000000000002,468.59999999999997
-30.570833,29.150556,04-08-2015,122.70000000000002,196.40000000000003,442.8
-31.104278,29.399722,04-08-2015,167.3,292.6,590.3
-34.031944,22.053333,04-08-2015,80.7,223.2,395.2
-34.039722,22.133333,04-08-2015,85.10000000000001,235.50000000000003,415.7
-25.45963889,28.26430556,04-08-2015,129.5,176.8,381.90000000000003
-27.01011111,26.69808333,05-08-2015,69.2,133.0,328.9
-25.81048333,27.90955222,05-08-2015,117.4,165.10000000000002,387.59999999999997
-24.670833,28.560833,05-08-2015,151.1,179.8,375.50000000000006
-25.73411,27.21422,05-08-2015,106.30000000000001,184.3,406.09999999999997
-26.648056,27.089444,05-08-2015,82.7,155.29999999999998,348.90000000000003
-26.98472222,26.63227778,05-08-2015,69.30000000000001,134.2,333.1
-27.935,26.126667,05-08-2015,48.1,103.10000000000001,291.2
-30.160091,27.40124,05-08-2015,73.2,141.6,409.9
-30.336111,27.359444,05-08-2015,78.10000000000001,152.3,424.69999999999993
-28.768056,20.720556,05-08-2015,11.5,36.0,152.3
-31.031389,28.883333,05-08-2015,138.70000000000002,224.1,488.2000000000001
-30.86013889,29.07125,05-08-2015,133.60000000000002,218.8,476.1000000000001
-30.77586667,29.03221667,05-08-2015,127.4,210.8,463.90000000000003
-34.02861,22.22222,05-08-2015,96.5,260.0,451.3
-30.830556,26.921389,06-08-2015,67.0,143.9,403.2
-22.769722,30.886944,06-08-2015,118.4,152.0,386.1
-26.905,32.324722,06-08-2015,138.1,187.8,424.2
-28.141944,26.417778,06-08-2015,50.599999999999994,103.5,300.9000000000001
-31.000833,26.353056,06-08-2015,44.5,124.1,377.1000000000001
-30.679722,26.7125,06-08-2015,61.00000000000001,133.4,388.1
-30.534167,24.961944,06-08-2015,23.1,83.9,285.1
-23.658056,31.05,07-08-2015,105.1,135.0,310.2
-23.838611,31.640833,07-08-2015,112.4,139.8,299.0
-24.058889,31.237222,07-08-2015,120.30000000000001,155.1,337.40000000000003
-29.7775,29.470833,10-08-2015,129.8,203.20000000000002,521.8
-29.987778,29.851667,10-08-2015,133.4,213.0,491.1
-24.69514,27.40906,11-08-2015,112.5,157.9,361.6
-24.99328,30.81444,11-08-2015,220.3,288.6,648.5000000000001
-30.733889,29.828333,11-08-2015,166.70000000000002,271.50000000000006,562.2
-25.127778,27.628889,12-08-2015,113.2,163.8,354.70000000000005
-25.20639,27.558,12-08-2015,112.0,162.2,358.1
-24.768889,31.39,12-08-2015,151.3,198.8,440.5
-24.9675,31.516667,12-08-2015,140.0,183.6,397.6
-27.937778,31.209444,12-08-2015,214.9,273.0,578.1999999999999
-28.404444,30.013056,12-08-2015,72.3,139.8,360.00000000000006
-30.398056,30.601944,12-08-2015,179.4,353.6,678.3
-28.141944,26.417778,12-08-2015,50.599999999999994,103.5,300.9000000000001
-28.1175,26.719444,12-08-2015,52.9,104.70000000000002,301.8
-27.671111,27.236944,12-08-2015,63.5,124.2,319.90000000000003
-28.058889,30.373611,12-08-2015,102.39999999999999,176.60000000000002,420.7
-30.13573889,30.67422222,13-08-2015,145.60000000000002,301.3,608.7000000000002
-27.38972222,26.46388889,13-08-2015,62.900000000000006,121.9,326.6
-27.398611,26.614722,13-08-2015,66.3,126.7,329.40000000000003
-27.902778,24.615556,13-08-2015,40.300000000000004,79.9,286.6
-27.4,26.624722,13-08-2015,66.3,126.7,329.40000000000003
-29.744167,29.905833,14-08-2015,122.70000000000002,195.50000000000003,462.40000000000003
-29.380556,30.2775,17-08-2015,94.0,169.6,426.3
-26.73806,27.59194,17-08-2015,93.1,159.6,354.09999999999997
-26.45,28.085833,17-08-2015,111.8,176.0,385.0
-28.760833,17.730278,18-08-2015,3.3000000000000003,16.700000000000003,42.0
-29.140556,31.391944,18-08-2015,316.1,490.90000000000003,1019.5
-31.860278,18.6875,18-08-2015,11.2,110.10000000000001,189.50000000000003
-24.679167,30.8025,18-08-2015,212.40000000000003,275.1,655.7000000000002
-25.99136,27.84208,18-08-2015,117.6,173.9,404.3
-28.801278,31.955389,18-08-2015,264.2,519.3,989.8000000000001
-27.937778,31.209444,18-08-2015,214.9,273.0,578.1999999999999
-26.861111,28.884722,18-08-2015,119.20000000000002,189.20000000000002,398.00000000000006
-27.00222,28.76528,18-08-2015,117.10000000000002,192.8,406.8
-26.970278,27.211111,18-08-2015,80.0,147.0,339.3
-26.880278,26.965,18-08-2015,76.5,146.0,338.1
-30.160091,27.40124,18-08-2015,73.2,141.6,409.9
-34.092222,21.295278,18-08-2015,85.80000000000001,217.90000000000003,355.3
-33.818056,19.694722,18-08-2015,56.800000000000004,200.8,338.30000000000007
-31.5653,18.3306,18-08-2015,7.800000000000001,99.5,165.49999999999997
-22.91028,29.61111,19-08-2015,105.9,126.7,319.0
-25.73411,27.21422,19-08-2015,106.30000000000001,184.3,406.09999999999997
-26.006389,29.253889,19-08-2015,161.0,213.8,442.4000000000001
-24.058889,31.237222,19-08-2015,120.30000000000001,155.1,337.40000000000003
-28.747778,31.745833,19-08-2015,303.0,529.8000000000001,1006.3000000000002
-26.648056,27.089444,19-08-2015,82.7,155.29999999999998,348.90000000000003
-27.273889,28.49,19-08-2015,117.30000000000001,202.6,430.9000000000001
-26.98472222,26.63227778,19-08-2015,69.30000000000001,134.2,333.1
-33.38056,19.30167,19-08-2015,44.1,188.40000000000003,329.4000000000001
-25.45963889,28.26430556,19-08-2015,129.5,176.8,381.90000000000003
-25.81048333,27.90955222,20-08-2015,117.4,165.10000000000002,387.59999999999997
-24.183889,30.823889,20-08-2015,124.0,152.8,361.20000000000005
-24.282222,28.090278,20-08-2015,126.50000000000001,161.8,390.9
-27.935,26.126667,20-08-2015,48.1,103.10000000000001,291.2
-28.141944,26.417778,20-08-2015,50.599999999999994,103.5,300.9000000000001
-28.1175,26.719444,20-08-2015,52.9,104.70000000000002,301.8
-33.7075,18.97444444,20-08-2015,58.7,241.0,439.20000000000005
-24.95861111,29.39527778,21-08-2015,141.4,176.2,377.49999999999994
-27.573056,24.746389,21-08-2015,44.9,85.30000000000001,290.79999999999995
-29.380556,30.2775,22-08-2015,94.0,169.6,426.3
-28.735556,29.820556,24-08-2015,67.8,127.8,349.9
-28.308889,31.9025,24-08-2015,230.8,398.7000000000001,738.1000000000001
-34.065833,20.404167,25-08-2015,56.599999999999994,167.70000000000005,270.6000000000001
-25.127778,27.628889,25-08-2015,113.2,163.8,354.70000000000005
-25.20639,27.558,25-08-2015,112.0,162.2,358.1
-28.44555556,32.325,21-09-2015,234.40000000000003,492.90000000000003,898.5
-26.619444,27.980833,25-08-2015,103.5,168.3,369.6000000000001
-26.510278,28.351389,25-08-2015,118.7,183.39999999999998,389.8
-27.671111,27.236944,25-08-2015,63.5,124.2,319.90000000000003
-33.501667,21.624167,25-08-2015,55.1,141.9,246.4
-33.31388889,19.07472222,25-08-2015,40.6,190.40000000000003,336.7
-28.068333,31.55,25-08-2015,211.70000000000002,295.0,589.1000000000001
-29.161667,23.696389,26-08-2015,24.000000000000004,62.7,263.20000000000005
-28.7115,24.07288889,26-08-2015,31.3,73.80000000000001,288.2
-29.641944,30.6875,26-08-2015,83.1,190.60000000000002,467.40000000000003
-27.169444,29.233889,26-08-2015,114.5,184.3,385.4
-27.802778,28.768333,26-08-2015,93.50000000000001,170.8,388.70000000000005
-27.398611,26.614722,26-08-2015,66.3,126.7,329.40000000000003
-34.405833,19.600556,26-08-2015,73.30000000000001,224.60000000000002,381.1
-33.13083,18.86278,26-08-2015,31.6,161.6,291.3
-27.4,26.624722,26-08-2015,66.3,126.7,329.40000000000003
-27.602222,29.942778,27-08-2015,124.80000000000001,185.60000000000002,414.00000000000006
-28.75,30.442778,27-08-2015,64.1,124.0,318.1
-29.161667,30.629722,27-08-2015,83.6,172.0,446.80000000000007
-32.94583,18.33667,27-08-2015,23.5,127.9,230.50000000000003
-23.838611,31.640833,28-08-2015,112.4,139.8,299.0
-24.058889,31.237222,28-08-2015,120.30000000000001,155.1,337.40000000000003
-29.744167,29.905833,28-08-2015,122.70000000000002,195.50000000000003,462.40000000000003
-29.1825,23.575556,29-08-2015,23.4,63.300000000000004,258.6
-25.99136,27.84208,31-08-2015,117.6,173.9,404.3
-26.73806,27.59194,31-08-2015,93.1,159.6,354.09999999999997
-26.45,28.085833,31-08-2015,111.8,176.0,385.0
-27.363611,31.783333,01-09-2015,158.40000000000003,217.60000000000002,435.09999999999997
-26.861111,28.884722,01-09-2015,119.20000000000002,189.20000000000002,398.00000000000006
-27.00222,28.76528,01-09-2015,117.10000000000002,192.8,406.8
-26.970278,27.211111,01-09-2015,80.0,147.0,339.3
-27.273889,28.49,01-09-2015,117.30000000000001,202.6,430.9000000000001
-27.4275,28.525833,01-09-2015,107.60000000000001,191.5,413.9000000000001
-27.3,28.586944,01-09-2015,114.1,197.20000000000002,419.80000000000007
-27.935,26.126667,01-09-2015,48.1,103.10000000000001,291.2
-31.396,29.2651,01-09-2015,181.50000000000003,330.70000000000005,648.5
-31.554722,29.245556,01-09-2015,197.60000000000002,351.00000000000006,700.8000000000001
-34.005833,22.351111,01-09-2015,118.80000000000001,302.09999999999997,516.1
-25.45963889,28.26430556,01-09-2015,129.5,176.8,381.90000000000003
-25.447222,30.711667,01-09-2015,192.20000000000002,244.8,513.1
-27.01011111,26.69808333,02-09-2015,69.2,133.0,328.9
-25.81048333,27.90955222,02-09-2015,117.4,165.10000000000002,387.59999999999997
-25.436111,31.982222,02-09-2015,139.9,179.20000000000005,401.6
-23.658056,31.05,02-09-2015,105.1,135.0,310.2
-25.681111,31.783333,02-09-2015,153.7,192.39999999999998,403.79999999999995
-25.362222,31.956667,02-09-2015,137.5,177.1,392.20000000000005
-27.02314,28.59389,02-09-2015,117.20000000000002,195.3,408.49999999999994
-26.648056,27.089444,02-09-2015,82.7,155.29999999999998,348.90000000000003
-27.273889,28.49,02-09-2015,117.30000000000001,202.6,430.9000000000001
-27.4275,28.525833,02-09-2015,107.60000000000001,191.5,413.9000000000001
-27.3,28.586944,02-09-2015,114.1,197.20000000000002,419.80000000000007
-30.570833,29.150556,02-09-2015,122.70000000000002,196.40000000000003,442.8
-31.104278,29.399722,02-09-2015,167.3,292.6,590.3
-30.77586667,29.03221667,02-09-2015,127.4,210.8,463.90000000000003
-34.031944,22.053333,02-09-2015,80.7,223.2,395.2
-29.641944,30.6875,03-09-2015,83.1,190.60000000000002,467.40000000000003
-25.398889,31.610556,03-09-2015,151.4,192.90000000000003,406.1
-27.802778,28.768333,03-09-2015,93.50000000000001,170.8,388.70000000000005
-27.935,26.126667,03-09-2015,48.1,103.10000000000001,291.2
-28.141944,26.417778,03-09-2015,50.599999999999994,103.5,300.9000000000001
-30.679722,26.7125,03-09-2015,61.00000000000001,133.4,388.1
-30.568333,29.422778,03-09-2015,131.4,208.70000000000002,468.59999999999997
-31.031389,28.883333,03-09-2015,138.70000000000002,224.1,488.2000000000001
-30.86013889,29.07125,03-09-2015,133.60000000000002,218.8,476.1000000000001
-29.987778,29.851667,07-09-2015,133.4,213.0,491.1
-29.744167,29.905833,07-09-2015,122.70000000000002,195.50000000000003,462.40000000000003
-29.160278,26.573333,07-09-2015,47.400000000000006,101.30000000000001,316.50000000000006
-25.57877778,29.12747222,07-09-2015,154.2,197.7,421.29999999999995
-22.225556,29.990556,08-09-2015,77.9,101.8,252.5
-22.91028,29.61111,08-09-2015,105.9,126.7,319.0
-25.127778,27.628889,08-09-2015,113.2,163.8,354.70000000000005
-25.20639,27.558,08-09-2015,112.0,162.2,358.1
-24.69514,27.40906,08-09-2015,112.5,157.9,361.6
-23.838611,31.640833,08-09-2015,112.4,139.8,299.0
-26.006389,29.253889,08-09-2015,161.0,213.8,442.4000000000001
-30.733889,29.828333,08-09-2015,166.70000000000002,271.50000000000006,562.2
-29.7775,29.470833,08-09-2015,129.8,203.20000000000002,521.8
-28.141944,26.417778,08-09-2015,50.599999999999994,103.5,300.9000000000001
-27.671111,27.236944,08-09-2015,63.5,124.2,319.90000000000003
-28.69485,28.23487,08-09-2015,70.2,151.7,402.1000000000001
-29.615556,27.065278,08-09-2015,57.10000000000001,120.30000000000001,375.9
-28.883333,27.89,08-09-2015,64.8,139.2,387.1000000000001
-24.058889,31.237222,09-09-2015,120.30000000000001,155.1,337.40000000000003
-27.937778,31.209444,09-09-2015,214.9,273.0,578.1999999999999
-28.404444,30.013056,09-09-2015,72.3,139.8,360.00000000000006
-30.398056,30.601944,09-09-2015,179.4,353.6,678.3
-27.398611,26.614722,09-09-2015,66.3,126.7,329.40000000000003
-30.160091,27.40124,09-09-2015,73.2,141.6,409.9
-30.336111,27.359444,09-09-2015,78.10000000000001,152.3,424.69999999999993
-28.058889,30.373611,09-09-2015,102.39999999999999,176.60000000000002,420.7
-27.4,26.624722,09-09-2015,66.3,126.7,329.40000000000003
-29.161667,23.696389,10-09-2015,24.000000000000004,62.7,263.20000000000005
-30.830556,26.921389,10-09-2015,67.0,143.9,403.2
-24.282222,28.090278,10-09-2015,126.50000000000001,161.8,390.9
-22.769722,30.886944,10-09-2015,118.4,152.0,386.1
-27.5275,30.858056,10-09-2015,238.4,293.0,611.8000000000001
-30.13573889,30.67422222,10-09-2015,145.60000000000002,301.3,608.7000000000002
-31.000833,26.353056,10-09-2015,44.5,124.1,377.1000000000001
-30.679722,26.7125,10-09-2015,61.00000000000001,133.4,388.1
-30.534167,24.961944,10-09-2015,23.1,83.9,285.1
-24.95861111,29.39527778,11-09-2015,141.4,176.2,377.49999999999994
-29.744167,29.905833,11-09-2015,122.70000000000002,195.50000000000003,462.40000000000003
-27.573056,24.746389,11-09-2015,44.9,85.30000000000001,290.79999999999995
-29.651389,22.746389,11-09-2015,18.800000000000004,59.300000000000004,219.70000000000002
-29.1825,23.575556,11-09-2015,23.4,63.300000000000004,258.6
-29.803611,30.516111,11-09-2015,111.20000000000002,206.3,483.40000000000003
-26.73806,27.59194,14-09-2015,93.1,159.6,354.09999999999997
-26.45,28.085833,14-09-2015,111.8,176.0,385.0
-32.502778,19.535833,14-09-2015,13.0,95.5,173.20000000000002
-29.140556,31.391944,15-09-2015,316.1,490.90000000000003,1019.5
-31.860278,18.6875,15-09-2015,11.2,110.10000000000001,189.50000000000003
-24.679167,30.8025,15-09-2015,212.40000000000003,275.1,655.7000000000002
-28.801278,31.955389,15-09-2015,264.2,519.3,989.8000000000001
-26.861111,28.884722,15-09-2015,119.20000000000002,189.20000000000002,398.00000000000006
-27.00222,28.76528,15-09-2015,117.10000000000002,192.8,406.8
-26.970278,27.211111,15-09-2015,80.0,147.0,339.3
-26.880278,26.965,15-09-2015,76.5,146.0,338.1
-34.092222,21.295278,15-09-2015,85.80000000000001,217.90000000000003,355.3
-34.075556,20.145556,15-09-2015,58.400000000000006,174.79999999999998,281.09999999999997
-32.595833,19.009444,15-09-2015,18.900000000000002,127.1,222.40000000000003
-25.45963889,28.26430556,15-09-2015,129.5,176.8,381.90000000000003
-27.01011111,26.69808333,16-09-2015,69.2,133.0,328.9
-25.81048333,27.90955222,16-09-2015,117.4,165.10000000000002,387.59999999999997
-29.641944,30.6875,16-09-2015,83.1,190.60000000000002,467.40000000000003
-24.670833,28.560833,16-09-2015,151.1,179.8,375.50000000000006
-24.058889,31.237222,16-09-2015,120.30000000000001,155.1,337.40000000000003
-26.648056,27.089444,16-09-2015,82.7,155.29999999999998,348.90000000000003
-26.98472222,26.63227778,16-09-2015,69.30000000000001,134.2,333.1
-34.250556,20.9925,16-09-2015,79.6,212.0,343.9000000000001
-33.38056,19.30167,16-09-2015,44.1,188.40000000000003,329.4000000000001
-24.183889,30.823889,17-09-2015,124.0,152.8,361.20000000000005
-26.03611,30.99778,17-09-2015,246.9,317.70000000000005,652.6
-28.747778,31.745833,17-09-2015,303.0,529.8000000000001,1006.3000000000002
-27.935,26.126667,17-09-2015,48.1,103.10000000000001,291.2
-28.141944,26.417778,17-09-2015,50.599999999999994,103.5,300.9000000000001
-33.7075,18.97444444,17-09-2015,58.7,241.0,439.20000000000005
-28.44555556,32.325,20-10-2015,234.40000000000003,492.90000000000003,898.5
-28.735556,29.820556,21-09-2015,67.8,127.8,349.9
-26.648056,27.089444,21-09-2015,82.7,155.29999999999998,348.90000000000003
-26.619444,27.980833,21-09-2015,103.5,168.3,369.6000000000001
-26.510278,28.351389,21-09-2015,118.7,183.39999999999998,389.8
-33.501667,21.624167,21-09-2015,55.1,141.9,246.4
-28.338333,31.373611,21-09-2015,251.10000000000002,339.40000000000003,685.8
-28.068333,31.55,21-09-2015,211.70000000000002,295.0,589.1000000000001
-28.308889,31.9025,21-09-2015,230.8,398.7000000000001,738.1000000000001
-25.127778,27.628889,22-09-2015,113.2,163.8,354.70000000000005
-25.20639,27.558,22-09-2015,112.0,162.2,358.1
-24.69514,27.40906,22-09-2015,112.5,157.9,361.6
-27.169444,29.233889,22-09-2015,114.5,184.3,385.4
-29.161667,23.696389,23-09-2015,24.000000000000004,62.7,263.20000000000005
-28.7115,24.07288889,23-09-2015,31.3,73.80000000000001,288.2
-27.02314,28.59389,23-09-2015,117.20000000000002,195.3,408.49999999999994
-27.4275,28.525833,23-09-2015,107.60000000000001,191.5,413.9000000000001
-27.3,28.586944,23-09-2015,114.1,197.20000000000002,419.80000000000007
-27.398611,26.614722,23-09-2015,66.3,126.7,329.40000000000003
-27.4,26.624722,23-09-2015,66.3,126.7,329.40000000000003
-27.602222,29.942778,24-09-2015,124.80000000000001,185.60000000000002,414.00000000000006
-28.75,30.442778,24-09-2015,64.1,124.0,318.1
-29.161667,30.629722,24-09-2015,83.6,172.0,446.80000000000007
-29.744167,29.905833,25-09-2015,122.70000000000002,195.50000000000003,462.40000000000003
-27.902778,24.615556,25-09-2015,40.300000000000004,79.9,286.6
-25.99136,27.84208,28-09-2015,117.6,173.9,404.3
-26.45,28.085833,28-09-2015,111.8,176.0,385.0
-34.065833,20.404167,29-09-2015,56.599999999999994,167.70000000000005,270.6000000000001
-24.99328,30.81444,29-09-2015,220.3,288.6,648.5000000000001
-27.363611,31.783333,29-09-2015,158.40000000000003,217.60000000000002,435.09999999999997
-26.861111,28.884722,29-09-2015,119.20000000000002,189.20000000000002,398.00000000000006
-26.970278,27.211111,29-09-2015,80.0,147.0,339.3
-26.880278,26.965,29-09-2015,76.5,146.0,338.1
-27.38972222,26.46388889,29-09-2015,62.900000000000006,121.9,326.6
-33.31388889,19.07472222,29-09-2015,40.6,190.40000000000003,336.7
-25.45963889,28.26430556,29-09-2015,129.5,176.8,381.90000000000003
-27.01011111,26.69808333,30-09-2015,69.2,133.0,328.9
-25.81048333,27.90955222,30-09-2015,117.4,165.10000000000002,387.59999999999997
-29.641944,30.6875,30-09-2015,83.1,190.60000000000002,467.40000000000003
-24.768889,31.39,30-09-2015,151.3,198.8,440.5
-27.00222,28.76528,30-09-2015,117.10000000000002,192.8,406.8
-26.648056,27.089444,30-09-2015,82.7,155.29999999999998,348.90000000000003
-27.273889,28.49,30-09-2015,117.30000000000001,202.6,430.9000000000001
-26.98472222,26.63227778,30-09-2015,69.30000000000001,134.2,333.1
-31.031389,28.883333,30-09-2015,138.70000000000002,224.1,488.2000000000001
-30.86013889,29.07125,30-09-2015,133.60000000000002,218.8,476.1000000000001
-30.77586667,29.03221667,30-09-2015,127.4,210.8,463.90000000000003
-34.405833,19.600556,30-09-2015,73.30000000000001,224.60000000000002,381.1
-32.94583,18.33667,30-09-2015,23.5,127.9,230.50000000000003
-26.73806,27.59194,01-10-2015,93.1,159.6,354.09999999999997
-27.935,26.126667,01-10-2015,48.1,103.10000000000001,291.2
-28.141944,26.417778,01-10-2015,50.599999999999994,103.5,300.9000000000001
-30.160091,27.40124,01-10-2015,73.2,141.6,409.9
-33.13083,18.86278,01-10-2015,31.6,161.6,291.3
-33.897778,20.012778,01-10-2015,53.9,168.70000000000002,275.1
-29.7775,29.470833,05-10-2015,129.8,203.20000000000002,521.8
-29.987778,29.851667,05-10-2015,133.4,213.0,491.1
-29.744167,29.905833,05-10-2015,122.70000000000002,195.50000000000003,462.40000000000003
-31.396,29.2651,05-10-2015,181.50000000000003,330.70000000000005,648.5
-31.554722,29.245556,05-10-2015,197.60000000000002,351.00000000000006,700.8000000000001
-24.679167,30.8025,06-10-2015,212.40000000000003,275.1,655.7000000000002
-25.127778,27.628889,06-10-2015,113.2,163.8,354.70000000000005
-25.20639,27.558,06-10-2015,112.0,162.2,358.1
-24.69514,27.40906,06-10-2015,112.5,157.9,361.6
-23.658056,31.05,06-10-2015,105.1,135.0,310.2
-30.733889,29.828333,06-10-2015,166.70000000000002,271.50000000000006,562.2
-30.568333,29.422778,06-10-2015,131.4,208.70000000000002,468.59999999999997
-30.570833,29.150556,06-10-2015,122.70000000000002,196.40000000000003,442.8
-31.104278,29.399722,06-10-2015,167.3,292.6,590.3
-34.031944,22.053333,06-10-2015,80.7,223.2,395.2
-34.039722,22.133333,06-10-2015,85.10000000000001,235.50000000000003,415.7
-29.641944,30.6875,07-10-2015,83.1,190.60000000000002,467.40000000000003
-24.058889,31.237222,07-10-2015,120.30000000000001,155.1,337.40000000000003
-27.937778,31.209444,07-10-2015,214.9,273.0,578.1999999999999
-28.404444,30.013056,07-10-2015,72.3,139.8,360.00000000000006
-30.398056,30.601944,07-10-2015,179.4,353.6,678.3
-34.02861,22.22222,07-10-2015,96.5,260.0,451.3
-34.005833,22.351111,07-10-2015,118.80000000000001,302.09999999999997,516.1
-28.058889,30.373611,07-10-2015,102.39999999999999,176.60000000000002,420.7
-24.183889,30.823889,08-10-2015,124.0,152.8,361.20000000000005
-27.5275,30.858056,08-10-2015,238.4,293.0,611.8000000000001
-30.13573889,30.67422222,08-10-2015,145.60000000000002,301.3,608.7000000000002
-27.273889,28.49,08-10-2015,117.30000000000001,202.6,430.9000000000001
-27.4275,28.525833,08-10-2015,107.60000000000001,191.5,413.9000000000001
-31.396,29.2651,08-10-2015,181.50000000000003,330.70000000000005,648.5
-29.161667,23.696389,09-10-2015,24.000000000000004,62.7,263.20000000000005
-29.744167,29.905833,09-10-2015,122.70000000000002,195.50000000000003,462.40000000000003
-27.573056,24.746389,09-10-2015,44.9,85.30000000000001,290.79999999999995
-27.902778,24.615556,09-10-2015,40.300000000000004,79.9,286.6
-29.803611,30.516111,09-10-2015,111.20000000000002,206.3,483.40000000000003
-25.99136,27.84208,12-10-2015,117.6,173.9,404.3
-26.73806,27.59194,12-10-2015,93.1,159.6,354.09999999999997
-26.45,28.085833,12-10-2015,111.8,176.0,385.0
-29.140556,31.391944,13-10-2015,316.1,490.90000000000003,1019.5
-28.801278,31.955389,13-10-2015,264.2,519.3,989.8000000000001
-26.861111,28.884722,13-10-2015,119.20000000000002,189.20000000000002,398.00000000000006
-26.880278,26.965,13-10-2015,76.5,146.0,338.1
-27.38972222,26.46388889,13-10-2015,62.900000000000006,121.9,326.6
-28.141944,26.417778,13-10-2015,50.599999999999994,103.5,300.9000000000001
-28.1175,26.719444,13-10-2015,52.9,104.70000000000002,301.8
-27.398611,26.614722,13-10-2015,66.3,126.7,329.40000000000003
-25.45963889,28.26430556,13-10-2015,129.5,176.8,381.90000000000003
-27.01011111,26.69808333,14-10-2015,69.2,133.0,328.9
-25.81048333,27.90955222,14-10-2015,117.4,165.10000000000002,387.59999999999997
-25.73411,27.21422,14-10-2015,106.30000000000001,184.3,406.09999999999997
-22.769722,30.886944,14-10-2015,118.4,152.0,386.1
-28.747778,31.745833,14-10-2015,303.0,529.8000000000001,1006.3000000000002
-29.380556,30.2775,14-10-2015,94.0,169.6,426.3
-27.00222,28.76528,14-10-2015,117.10000000000002,192.8,406.8
-26.648056,27.089444,14-10-2015,82.7,155.29999999999998,348.90000000000003
-27.273889,28.49,14-10-2015,117.30000000000001,202.6,430.9000000000001
-26.98472222,26.63227778,14-10-2015,69.30000000000001,134.2,333.1
-27.671111,27.236944,14-10-2015,63.5,124.2,319.90000000000003
-26.03611,30.99778,15-10-2015,246.9,317.70000000000005,652.6
-28.141944,26.417778,15-10-2015,50.599999999999994,103.5,300.9000000000001
-24.058889,31.237222,16-10-2015,120.30000000000001,155.1,337.40000000000003
-28.735556,29.820556,19-10-2015,67.8,127.8,349.9
-26.619444,27.980833,19-10-2015,103.5,168.3,369.6000000000001
-29.160278,26.573333,19-10-2015,47.400000000000006,101.30000000000001,316.50000000000006
-33.818056,19.694722,19-10-2015,56.800000000000004,200.8,338.30000000000007
-25.447222,30.711667,19-10-2015,192.20000000000002,244.8,513.1
-28.760833,17.730278,20-10-2015,3.3000000000000003,16.700000000000003,42.0
-31.860278,18.6875,20-10-2015,11.2,110.10000000000001,189.50000000000003
-25.127778,27.628889,20-10-2015,113.2,163.8,354.70000000000005
-25.20639,27.558,20-10-2015,112.0,162.2,358.1
-24.69514,27.40906,20-10-2015,112.5,157.9,361.6
-25.681111,31.783333,20-10-2015,153.7,192.39999999999998,403.79999999999995
-25.67386,31.57527,20-10-2015,166.70000000000002,210.8,434.00000000000006
-28.44555556,32.325,17-11-2015,234.40000000000003,492.90000000000003,898.5
-27.802778,28.768333,20-10-2015,93.50000000000001,170.8,388.70000000000005
-27.671111,27.236944,20-10-2015,63.5,124.2,319.90000000000003
-28.69485,28.23487,20-10-2015,70.2,151.7,402.1000000000001
-28.883333,27.89,20-10-2015,64.8,139.2,387.1000000000001
-34.092222,21.295278,20-10-2015,85.80000000000001,217.90000000000003,355.3
-32.595833,19.009444,20-10-2015,18.900000000000002,127.1,222.40000000000003
-28.338333,31.373611,20-10-2015,251.10000000000002,339.40000000000003,685.8
-29.161667,23.696389,21-10-2015,24.000000000000004,62.7,263.20000000000005
-30.830556,26.921389,21-10-2015,67.0,143.9,403.2
-24.670833,28.560833,21-10-2015,151.1,179.8,375.50000000000006
-22.91028,29.61111,21-10-2015,105.9,126.7,319.0
-28.058889,30.373611,27-04-2015,102.39999999999999,176.60000000000002,420.7
-26.006389,29.253889,21-10-2015,161.0,213.8,442.4000000000001
-25.362222,31.956667,21-10-2015,137.5,177.1,392.20000000000005
-25.398889,31.610556,21-10-2015,151.4,192.90000000000003,406.1
-27.602222,29.942778,21-10-2015,124.80000000000001,185.60000000000002,414.00000000000006
-27.169444,29.233889,21-10-2015,114.5,184.3,385.4
-26.510278,28.351389,21-10-2015,118.7,183.39999999999998,389.8
-27.398611,26.614722,21-10-2015,66.3,126.7,329.40000000000003
-30.336111,27.359444,21-10-2015,78.10000000000001,152.3,424.69999999999993
-29.615556,27.065278,21-10-2015,57.10000000000001,120.30000000000001,375.9
-34.250556,20.9925,21-10-2015,79.6,212.0,343.9000000000001
-33.38056,19.30167,21-10-2015,44.1,188.40000000000003,329.4000000000001
-33.08883333,19.21878333,21-10-2015,33.3,150.8,264.9
-27.4,26.624722,21-10-2015,66.3,126.7,329.40000000000003
-28.75,30.442778,22-10-2015,64.1,124.0,318.1
-29.161667,30.629722,22-10-2015,83.6,172.0,446.80000000000007
-27.02314,28.59389,22-10-2015,117.20000000000002,195.3,408.49999999999994
-27.4275,28.525833,22-10-2015,107.60000000000001,191.5,413.9000000000001
-27.3,28.586944,22-10-2015,114.1,197.20000000000002,419.80000000000007
-31.000833,26.353056,22-10-2015,44.5,124.1,377.1000000000001
-30.679722,26.7125,22-10-2015,61.00000000000001,133.4,388.1
-33.7075,18.97444444,22-10-2015,58.7,241.0,439.20000000000005
-29.744167,29.905833,23-10-2015,122.70000000000002,195.50000000000003,462.40000000000003
-27.573056,24.746389,23-10-2015,44.9,85.30000000000001,290.79999999999995
-27.902778,24.615556,23-10-2015,40.300000000000004,79.9,286.6
-29.658056,25.973333,23-10-2015,31.6,86.10000000000001,288.8
-25.99136,27.84208,26-10-2015,117.6,173.9,404.3
-26.45,28.085833,26-10-2015,111.8,176.0,385.0
-31.554722,29.245556,26-10-2015,197.60000000000002,351.00000000000006,700.8000000000001
-33.501667,21.624167,26-10-2015,55.1,141.9,246.4
-25.73411,27.21422,27-10-2015,106.30000000000001,184.3,406.09999999999997
-27.363611,31.783333,27-10-2015,158.40000000000003,217.60000000000002,435.09999999999997
-26.970278,27.211111,27-10-2015,80.0,147.0,339.3
-26.880278,26.965,27-10-2015,76.5,146.0,338.1
-31.104278,29.399722,27-10-2015,167.3,292.6,590.3
-33.31388889,19.07472222,27-10-2015,40.6,190.40000000000003,336.7
-25.45963889,28.26430556,27-10-2015,129.5,176.8,381.90000000000003
-28.760833,17.730278,28-10-2015,3.3000000000000003,16.700000000000003,42.0
-29.161667,23.696389,28-10-2015,24.000000000000004,62.7,263.20000000000005
-28.7115,24.07288889,28-10-2015,31.3,73.80000000000001,288.2
-27.01011111,26.69808333,28-10-2015,69.2,133.0,328.9
-29.641944,30.6875,28-10-2015,83.1,190.60000000000002,467.40000000000003
-27.00222,28.76528,28-10-2015,117.10000000000002,192.8,406.8
-26.648056,27.089444,28-10-2015,82.7,155.29999999999998,348.90000000000003
-26.98472222,26.63227778,28-10-2015,69.30000000000001,134.2,333.1
-29.651389,22.746389,28-10-2015,18.800000000000004,59.300000000000004,219.70000000000002
-29.1825,23.575556,28-10-2015,23.4,63.300000000000004,258.6
-34.405833,19.600556,28-10-2015,73.30000000000001,224.60000000000002,381.1
-33.13083,18.86278,28-10-2015,31.6,161.6,291.3
-25.81048333,27.90955222,29-10-2015,117.4,165.10000000000002,387.59999999999997
-30.570833,29.150556,29-10-2015,122.70000000000002,196.40000000000003,442.8
-30.77586667,29.03221667,29-10-2015,127.4,210.8,463.90000000000003
-34.329722,18.990278,29-10-2015,87.50000000000001,277.2,490.0
-32.94583,18.33667,29-10-2015,23.5,127.9,230.50000000000003
-30.568333,29.422778,30-10-2015,131.4,208.70000000000002,468.59999999999997
-31.031389,28.883333,30-10-2015,138.70000000000002,224.1,488.2000000000001
-30.86013889,29.07125,30-10-2015,133.60000000000002,218.8,476.1000000000001
-29.987778,29.851667,01-11-2015,133.4,213.0,491.1
-29.7775,29.470833,02-11-2015,129.8,203.20000000000002,521.8
-29.987778,29.851667,02-11-2015,133.4,213.0,491.1
-25.127778,27.628889,03-11-2015,113.2,163.8,354.70000000000005
-25.20639,27.558,03-11-2015,112.0,162.2,358.1
-30.733889,29.828333,03-11-2015,166.70000000000002,271.50000000000006,562.2
-34.031944,22.053333,03-11-2015,80.7,223.2,395.2
-27.937778,31.209444,04-11-2015,214.9,273.0,578.1999999999999
-28.404444,30.013056,04-11-2015,72.3,139.8,360.00000000000006
-30.398056,30.601944,04-11-2015,179.4,353.6,678.3
-29.615556,27.065278,04-11-2015,57.10000000000001,120.30000000000001,375.9
-34.005833,22.351111,04-11-2015,118.80000000000001,302.09999999999997,516.1
-28.058889,30.373611,04-11-2015,102.39999999999999,176.60000000000002,420.7
-22.91028,29.61111,05-11-2015,105.9,126.7,319.0
-27.5275,30.858056,05-11-2015,238.4,293.0,611.8000000000001
-30.13573889,30.67422222,05-11-2015,145.60000000000002,301.3,608.7000000000002
-29.744167,29.905833,06-11-2015,122.70000000000002,195.50000000000003,462.40000000000003
-27.573056,24.746389,06-11-2015,44.9,85.30000000000001,290.79999999999995
-27.902778,24.615556,06-11-2015,40.300000000000004,79.9,286.6
-29.803611,30.516111,06-11-2015,111.20000000000002,206.3,483.40000000000003
-25.99136,27.84208,09-11-2015,117.6,173.9,404.3
-29.380556,30.2775,09-11-2015,94.0,169.6,426.3
-26.73806,27.59194,09-11-2015,93.1,159.6,354.09999999999997
-29.160278,26.573333,09-11-2015,47.400000000000006,101.30000000000001,316.50000000000006
-29.651389,22.746389,09-11-2015,18.800000000000004,59.300000000000004,219.70000000000002
-28.747778,31.745833,10-11-2015,303.0,529.8000000000001,1006.3000000000002
-28.141944,26.417778,10-11-2015,50.599999999999994,103.5,300.9000000000001
-27.671111,27.236944,10-11-2015,63.5,124.2,319.90000000000003
-28.69485,28.23487,10-11-2015,70.2,151.7,402.1000000000001
-29.615556,27.065278,10-11-2015,57.10000000000001,120.30000000000001,375.9
-28.883333,27.89,10-11-2015,64.8,139.2,387.1000000000001
-31.394444,20.947222,10-11-2015,13.100000000000001,48.2,110.7
-25.45963889,28.26430556,10-11-2015,129.5,176.8,381.90000000000003
-25.81048333,27.90955222,11-11-2015,117.4,165.10000000000002,387.59999999999997
-29.140556,31.391944,11-11-2015,316.1,490.90000000000003,1019.5
-28.801278,31.955389,11-11-2015,264.2,519.3,989.8000000000001
-27.00222,28.76528,11-11-2015,117.10000000000002,192.8,406.8
-26.970278,27.211111,11-11-2015,80.0,147.0,339.3
-26.880278,26.965,11-11-2015,76.5,146.0,338.1
-27.273889,28.49,11-11-2015,117.30000000000001,202.6,430.9000000000001
-27.38972222,26.46388889,11-11-2015,62.900000000000006,121.9,326.6
-27.398611,26.614722,11-11-2015,66.3,126.7,329.40000000000003
-30.336111,27.359444,11-11-2015,78.10000000000001,152.3,424.69999999999993
-27.4,26.624722,11-11-2015,66.3,126.7,329.40000000000003
-27.01011111,26.69808333,12-11-2015,69.2,133.0,328.9
-30.830556,26.921389,12-11-2015,67.0,143.9,403.2
-23.658056,31.05,12-11-2015,105.1,135.0,310.2
-26.648056,27.089444,12-11-2015,82.7,155.29999999999998,348.90000000000003
-26.98472222,26.63227778,12-11-2015,69.30000000000001,134.2,333.1
-27.935,26.126667,12-11-2015,48.1,103.10000000000001,291.2
-28.1175,26.719444,12-11-2015,52.9,104.70000000000002,301.8
-31.000833,26.353056,12-11-2015,44.5,124.1,377.1000000000001
-30.679722,26.7125,12-11-2015,61.00000000000001,133.4,388.1
-26.619444,27.980833,16-11-2015,103.5,168.3,369.6000000000001
-24.679167,30.8025,17-11-2015,212.40000000000003,275.1,655.7000000000002
-25.127778,27.628889,17-11-2015,113.2,163.8,354.70000000000005
-25.20639,27.558,17-11-2015,112.0,162.2,358.1
-24.99328,30.81444,17-11-2015,220.3,288.6,648.5000000000001
-27.169444,29.233889,17-11-2015,114.5,184.3,385.4
-26.510278,28.351389,17-11-2015,118.7,183.39999999999998,389.8
-27.273889,28.49,17-11-2015,117.30000000000001,202.6,430.9000000000001
-27.3,28.586944,17-11-2015,114.1,197.20000000000002,419.80000000000007
-27.671111,27.236944,17-11-2015,63.5,124.2,319.90000000000003
-34.092222,21.295278,17-11-2015,85.80000000000001,217.90000000000003,355.3
-33.501667,21.624167,17-11-2015,55.1,141.9,246.4
-28.338333,31.373611,17-11-2015,251.10000000000002,339.40000000000003,685.8
-24.670833,28.560833,18-11-2015,151.1,179.8,375.50000000000006
-25.73411,27.21422,18-11-2015,106.30000000000001,184.3,406.09999999999997
-24.058889,31.237222,18-11-2015,120.30000000000001,155.1,337.40000000000003
-24.034167,31.123611,18-11-2015,125.20000000000002,161.60000000000002,355.70000000000005
-27.602222,29.942778,18-11-2015,124.80000000000001,185.60000000000002,414.00000000000006
-27.02314,28.59389,18-11-2015,117.20000000000002,195.3,408.49999999999994
-27.4275,28.525833,18-11-2015,107.60000000000001,191.5,413.9000000000001
-27.802778,28.768333,18-11-2015,93.50000000000001,170.8,388.70000000000005
-27.398611,26.614722,18-11-2015,66.3,126.7,329.40000000000003
-34.250556,20.9925,18-11-2015,79.6,212.0,343.9000000000001
-27.4,26.624722,18-11-2015,66.3,126.7,329.40000000000003
-24.183889,30.823889,19-11-2015,124.0,152.8,361.20000000000005
-28.75,30.442778,19-11-2015,64.1,124.0,318.1
-29.161667,30.629722,19-11-2015,83.6,172.0,446.80000000000007
-27.3,28.586944,19-11-2015,114.1,197.20000000000002,419.80000000000007
-29.744167,29.905833,20-11-2015,122.70000000000002,195.50000000000003,462.40000000000003
-27.573056,24.746389,20-11-2015,44.9,85.30000000000001,290.79999999999995
-27.902778,24.615556,20-11-2015,40.300000000000004,79.9,286.6
-25.99136,27.84208,23-11-2015,117.6,173.9,404.3
-26.73806,27.59194,23-11-2015,93.1,159.6,354.09999999999997
-26.45,28.085833,23-11-2015,111.8,176.0,385.0
-31.554722,29.245556,23-11-2015,197.60000000000002,351.00000000000006,700.8000000000001
-32.502778,19.535833,23-11-2015,13.0,95.5,173.20000000000002
-25.447222,30.711667,23-11-2015,192.20000000000002,244.8,513.1
-29.641944,30.6875,24-11-2015,83.1,190.60000000000002,467.40000000000003
-25.681111,31.783333,24-11-2015,153.7,192.39999999999998,403.79999999999995
-25.67386,31.57527,24-11-2015,166.70000000000002,210.8,434.00000000000006
-25.513889,31.224444,24-11-2015,194.8,247.0,518.7
-26.861111,28.884722,24-11-2015,119.20000000000002,189.20000000000002,398.00000000000006
-26.970278,27.211111,24-11-2015,80.0,147.0,339.3
-26.880278,26.965,24-11-2015,76.5,146.0,338.1
-31.104278,29.399722,24-11-2015,167.3,292.6,590.3
-31.396,29.2651,24-11-2015,181.50000000000003,330.70000000000005,648.5
-33.818056,19.694722,24-11-2015,56.800000000000004,200.8,338.30000000000007
-34.075556,20.145556,24-11-2015,58.400000000000006,174.79999999999998,281.09999999999997
-32.595833,19.009444,24-11-2015,18.900000000000002,127.1,222.40000000000003
-25.45963889,28.26430556,24-11-2015,129.5,176.8,381.90000000000003
-27.01011111,26.69808333,25-11-2015,69.2,133.0,328.9
-25.81048333,27.90955222,25-11-2015,117.4,165.10000000000002,387.59999999999997
-25.436111,31.982222,25-11-2015,139.9,179.20000000000005,401.6
-25.362222,31.956667,25-11-2015,137.5,177.1,392.20000000000005
-25.398889,31.610556,25-11-2015,151.4,192.90000000000003,406.1
-25.14944444,31.94055556,25-11-2015,130.7,170.90000000000003,380.40000000000003
-27.00222,28.76528,25-11-2015,117.10000000000002,192.8,406.8
-26.648056,27.089444,25-11-2015,82.7,155.29999999999998,348.90000000000003
-27.273889,28.49,25-11-2015,117.30000000000001,202.6,430.9000000000001
-26.98472222,26.63227778,25-11-2015,69.30000000000001,134.2,333.1
-30.568333,29.422778,25-11-2015,131.4,208.70000000000002,468.59999999999997
-30.570833,29.150556,25-11-2015,122.70000000000002,196.40000000000003,442.8
-33.38056,19.30167,25-11-2015,44.1,188.40000000000003,329.4000000000001
-30.86013889,29.07125,26-11-2015,133.60000000000002,218.8,476.1000000000001
-30.77586667,29.03221667,26-11-2015,127.4,210.8,463.90000000000003
-33.7075,18.97444444,26-11-2015,58.7,241.0,439.20000000000005
-31.031389,28.883333,27-11-2015,138.70000000000002,224.1,488.2000000000001
-29.7775,29.470833,30-11-2015,129.8,203.20000000000002,521.8
-34.065833,20.404167,01-12-2015,56.599999999999994,167.70000000000005,270.6000000000001
-25.127778,27.628889,01-12-2015,113.2,163.8,354.70000000000005
-25.20639,27.558,01-12-2015,112.0,162.2,358.1
-28.404444,30.013056,01-12-2015,72.3,139.8,360.00000000000006
-30.733889,29.828333,01-12-2015,166.70000000000002,271.50000000000006,562.2
-27.398611,26.614722,01-12-2015,66.3,126.7,329.40000000000003
-34.031944,22.053333,01-12-2015,80.7,223.2,395.2
-34.039722,22.133333,01-12-2015,85.10000000000001,235.50000000000003,415.7
-33.31388889,19.07472222,01-12-2015,40.6,190.40000000000003,336.7
-29.161667,23.696389,02-12-2015,24.000000000000004,62.7,263.20000000000005
-25.73411,27.21422,02-12-2015,106.30000000000001,184.3,406.09999999999997
-27.5275,30.858056,02-12-2015,238.4,293.0,611.8000000000001
-30.398056,30.601944,02-12-2015,179.4,353.6,678.3
-27.671111,27.236944,02-12-2015,63.5,124.2,319.90000000000003
-31.436944,20.474722,02-12-2015,11.3,56.9,119.69999999999999
-34.02861,22.22222,02-12-2015,96.5,260.0,451.3
-34.405833,19.600556,02-12-2015,73.30000000000001,224.60000000000002,381.1
-33.13083,18.86278,02-12-2015,31.6,161.6,291.3
-34.005833,22.351111,02-12-2015,118.80000000000001,302.09999999999997,516.1
-28.058889,30.373611,02-12-2015,102.39999999999999,176.60000000000002,420.7
-23.658056,31.05,03-12-2015,105.1,135.0,310.2
-34.329722,18.990278,03-12-2015,87.50000000000001,277.2,490.0
-29.803611,30.516111,03-12-2015,111.20000000000002,206.3,483.40000000000003
-29.744167,29.905833,04-12-2015,122.70000000000002,195.50000000000003,462.40000000000003
-27.935,26.126667,04-12-2015,48.1,103.10000000000001,291.2
-27.902778,24.615556,04-12-2015,40.300000000000004,79.9,286.6
-28.058889,30.373611,05-12-2015,102.39999999999999,176.60000000000002,420.7
-24.058889,31.237222,06-12-2015,120.30000000000001,155.1,337.40000000000003
-25.99136,27.84208,07-12-2015,117.6,173.9,404.3
-29.380556,30.2775,07-12-2015,94.0,169.6,426.3
-26.73806,27.59194,07-12-2015,93.1,159.6,354.09999999999997
-26.45,28.085833,07-12-2015,111.8,176.0,385.0
-29.160278,26.573333,07-12-2015,47.400000000000006,101.30000000000001,316.50000000000006
-29.140556,31.391944,08-12-2015,316.1,490.90000000000003,1019.5
-26.861111,28.884722,08-12-2015,119.20000000000002,189.20000000000002,398.00000000000006
-26.970278,27.211111,08-12-2015,80.0,147.0,339.3
-26.880278,26.965,08-12-2015,76.5,146.0,338.1
-28.69485,28.23487,08-12-2015,70.2,151.7,402.1000000000001
-29.615556,27.065278,08-12-2015,57.10000000000001,120.30000000000001,375.9
-28.883333,27.89,08-12-2015,64.8,139.2,387.1000000000001
-33.501667,21.624167,08-12-2015,55.1,141.9,246.4
-25.45963889,28.26430556,08-12-2015,129.5,176.8,381.90000000000003
-27.01011111,26.69808333,09-12-2015,69.2,133.0,328.9
-25.81048333,27.90955222,09-12-2015,117.4,165.10000000000002,387.59999999999997
-24.670833,28.560833,09-12-2015,151.1,179.8,375.50000000000006
-22.91028,29.61111,09-12-2015,105.9,126.7,319.0
-28.747778,31.745833,09-12-2015,303.0,529.8000000000001,1006.3000000000002
-26.98472222,26.63227778,09-12-2015,69.30000000000001,134.2,333.1
-27.671111,27.236944,09-12-2015,63.5,124.2,319.90000000000003
-30.336111,27.359444,09-12-2015,78.10000000000001,152.3,424.69999999999993
-34.092222,21.295278,09-12-2015,85.80000000000001,217.90000000000003,355.3
-29.641944,30.6875,10-12-2015,83.1,190.60000000000002,467.40000000000003
-22.769722,30.886944,10-12-2015,118.4,152.0,386.1
-28.801278,31.955389,10-12-2015,264.2,519.3,989.8000000000001
-27.38972222,26.46388889,10-12-2015,62.900000000000006,121.9,326.6
-27.935,26.126667,10-12-2015,48.1,103.10000000000001,291.2
-33.897778,20.012778,12-01-2012,56.1,213.70000000000002,375.70000000000005
-33.897778,20.012778,01-03-2012,56.1,213.70000000000002,375.70000000000005
-27.398611,26.614722,10-12-2015,66.3,126.7,329.40000000000003
-30.679722,26.7125,10-12-2015,61.00000000000001,133.4,388.1
-33.897778,20.012778,19-06-2012,56.1,213.70000000000002,375.70000000000005
-27.4,26.624722,10-12-2015,66.3,126.7,329.40000000000003
-34.250556,20.9925,11-12-2015,79.6,212.0,343.9000000000001
-28.735556,29.820556,14-12-2015,67.8,127.8,349.9
-33.897778,20.012778,18-01-2013,58.10000000000001,213.9,391.40000000000003
-26.619444,27.980833,14-12-2015,103.5,168.3,369.6000000000001
-24.679167,30.8025,15-12-2015,212.40000000000003,275.1,655.7000000000002
-27.169444,29.233889,15-12-2015,114.5,184.3,385.4
-26.510278,28.351389,15-12-2015,118.7,183.39999999999998,389.8
-27.671111,27.236944,15-12-2015,63.5,124.2,319.90000000000003
-29.161667,23.696389,16-12-2015,24.000000000000004,62.7,263.20000000000005
-25.127778,27.628889,16-12-2015,113.2,163.8,354.70000000000005
-25.20639,27.558,16-12-2015,112.0,162.2,358.1
-27.602222,29.942778,16-12-2015,124.80000000000001,185.60000000000002,414.00000000000006
-27.00222,28.76528,16-12-2015,117.10000000000002,192.8,406.8
-27.02314,28.59389,16-12-2015,117.20000000000002,195.3,408.49999999999994
-27.273889,28.49,16-12-2015,117.30000000000001,202.6,430.9000000000001
-27.4275,28.525833,16-12-2015,107.60000000000001,191.5,413.9000000000001
-27.3,28.586944,16-12-2015,114.1,197.20000000000002,419.80000000000007
-33.897778,20.012778,26-02-2015,53.9,168.70000000000002,275.1
-27.398611,26.614722,16-12-2015,66.3,126.7,329.40000000000003
-29.033333,23.983333,16-12-2015,27.5,68.8,278.09999999999997
-33.897778,20.012778,21-05-2015,53.9,168.70000000000002,275.1
-33.897778,20.012778,27-08-2015,53.9,168.70000000000002,275.1
-33.897778,20.012778,29-10-2015,53.9,168.70000000000002,275.1
-33.897778,20.012778,03-12-2015,53.9,168.70000000000002,275.1
-27.4,26.624722,16-12-2015,66.3,126.7,329.40000000000003
-24.183889,30.823889,17-12-2015,124.0,152.8,361.20000000000005
-29.161667,30.629722,17-12-2015,83.6,172.0,446.80000000000007
-27.802778,28.768333,17-12-2015,93.50000000000001,170.8,388.70000000000005
-29.744167,29.905833,18-12-2015,122.70000000000002,195.50000000000003,462.40000000000003
-27.902778,24.615556,18-12-2015,40.300000000000004,79.9,286.6
-25.99136,27.84208,21-12-2015,117.6,173.9,404.3
-26.73806,27.59194,21-12-2015,93.1,159.6,354.09999999999997
-26.45,28.085833,21-12-2015,111.8,176.0,385.0
-28.404444,30.013056,22-12-2015,72.3,139.8,360.00000000000006
-27.00222,28.76528,22-12-2015,117.10000000000002,192.8,406.8
-26.970278,27.211111,22-12-2015,80.0,147.0,339.3
-26.880278,26.965,22-12-2015,76.5,146.0,338.1
-27.273889,28.49,22-12-2015,117.30000000000001,202.6,430.9000000000001
-25.45963889,28.26430556,22-12-2015,129.5,176.8,381.90000000000003
-27.01011111,26.69808333,23-12-2015,69.2,133.0,328.9
-25.81048333,27.90955222,23-12-2015,117.4,165.10000000000002,387.59999999999997
-27.5275,30.858056,23-12-2015,238.4,293.0,611.8000000000001
-26.861111,28.884722,23-12-2015,119.20000000000002,189.20000000000002,398.00000000000006
-26.98472222,26.63227778,23-12-2015,69.30000000000001,134.2,333.1
-27.935,26.126667,23-12-2015,48.1,103.10000000000001,291.2
-29.744167,29.905833,31-12-2015,122.70000000000002,195.50000000000003,462.40000000000003
